          20110103              329.57
          20110104              331.29
          20110105                 334
          20110106              333.73
          20110107              336.12
          20110110              342.45
          20110111              341.64
          20110112              344.42
          20110113              345.68
          20110114              348.48
          20110118              340.65
          20110119              338.84
          20110120              332.68
          20110121              326.72
          20110124              337.45
          20110125               341.4
          20110126              343.85
          20110127              343.21
          20110128               336.1
          20110131              339.32
          20110201              345.03
          20110202              344.32
          20110203              343.44
          20110204               346.5
          20110207              351.88
          20110208               355.2
          20110209              358.16
          20110210              354.54
          20110211              356.85
          20110214              359.18
          20110215               359.9
          20110216              363.13
          20110217               358.3
          20110218              350.56
          20110222              338.61
          20110223              342.62
          20110224              342.88
          20110225              348.16
          20110228              353.21
          20110301              349.31
          20110302              352.12
          20110303              359.56
          20110304                 360
          20110307              355.36
          20110308              355.76
          20110309              352.47
          20110310              346.67
          20110311              351.99
          20110314              353.56
          20110315              345.43
          20110316              330.01
          20110317              334.64
          20110318              330.67
          20110321               339.3
          20110322               341.2
          20110323              339.19
          20110324              344.97
          20110325              351.54
          20110328              350.44
          20110329              350.96
          20110330              348.63
          20110331              348.51
          20110401              344.56
          20110404              341.19
          20110405              338.89
          20110406              338.04
          20110407              338.08
          20110408              335.06
          20110411               330.8
          20110412               332.4
          20110413              336.13
          20110414              332.42
          20110415              327.46
          20110418              331.85
          20110419              337.86
          20110420              342.41
          20110421               350.7
          20110425              353.01
          20110426              350.42
          20110427              350.15
          20110428              346.75
          20110429              350.13
          20110502              346.28
          20110503               348.2
          20110504              349.57
          20110505              346.75
          20110506              346.66
          20110509               347.6
          20110510              349.45
          20110511              347.23
          20110512              346.57
          20110513               340.5
          20110516               333.3
          20110517              336.14
          20110518              339.87
          20110519              340.53
          20110520              335.22
          20110523               334.4
          20110524              332.19
          20110525              336.78
          20110526                 335
          20110527              337.41
          20110531              347.83
          20110601              345.51
          20110602               346.1
          20110603              343.44
          20110606              338.04
          20110607              332.04
          20110608              332.24
          20110609              331.49
          20110610               325.9
          20110613               326.6
          20110614              332.44
          20110615              326.75
          20110616              325.16
          20110617              320.26
          20110620              315.32
          20110621               325.3
          20110622              322.61
          20110623              331.23
          20110624              326.35
          20110627              332.04
          20110628              335.26
          20110629              334.04
          20110630              335.67
          20110701              343.26
          20110705              349.43
          20110706              351.76
          20110707               357.2
          20110708              359.71
          20110711                 354
          20110712              353.75
          20110713              358.02
          20110714              357.77
          20110715              364.92
          20110718               373.8
          20110719              376.85
          20110720               386.9
          20110721              387.29
          20110722               393.3
          20110725               398.5
          20110726              403.41
          20110727              392.59
          20110728              391.82
          20110729              390.48
          20110801              396.75
          20110802              388.91
          20110803              392.57
          20110804              377.37
          20110805              373.62
          20110808              353.21
          20110809              374.01
          20110810              363.69
          20110811               373.7
          20110812              376.99
          20110815              383.41
          20110816              380.48
          20110817              380.44
          20110818              366.05
          20110819              356.03
          20110822              356.44
          20110823               373.6
          20110824              376.18
          20110825              373.72
          20110826              383.58
          20110829              389.97
          20110830              389.99
          20110831              384.83
          20110901              381.03
          20110902              374.05
          20110906              379.74
          20110907              383.93
          20110908              384.14
          20110909              377.48
          20110912              379.94
          20110913              384.62
          20110914               389.3
          20110915              392.96
          20110916               400.5
          20110919              411.63
          20110920              413.45
          20110921              412.14
          20110922              401.82
          20110923               404.3
          20110926              403.17
          20110927              399.26
          20110928              397.01
          20110929              390.57
          20110930              381.32
          20111003               374.6
          20111004               372.5
          20111005              378.25
          20111006              377.37
          20111007               369.8
          20111010              388.81
          20111011              400.29
          20111012              402.19
          20111013              408.43
          20111014                 422
          20111017              419.99
          20111018              422.24
          20111019              398.62
          20111020              395.31
          20111021              392.87
          20111024              405.77
          20111025              397.77
          20111026               400.6
          20111027              404.69
          20111028              404.95
          20111031              404.78
          20111101              396.51
          20111102              397.41
          20111103              403.07
          20111104              400.24
          20111107              399.73
          20111108              406.23
          20111109              395.28
          20111110              385.22
          20111111              384.62
          20111114              379.26
          20111115              388.83
          20111116              384.77
          20111117              377.41
          20111118              374.94
          20111121              369.01
          20111122              376.51
          20111123              366.99
          20111125              363.57
          20111128              376.12
          20111129               373.2
          20111130               382.2
          20111201              387.93
          20111202               389.7
          20111205              393.01
          20111206              390.95
          20111207              389.09
          20111208              390.66
          20111209              393.62
          20111212              391.84
          20111213              388.81
          20111214              380.19
          20111215              378.94
          20111216              381.02
          20111219              382.21
          20111220              395.95
          20111221              396.45
          20111222              398.55
          20111223              403.33
          20111227              406.53
          20111228              402.64
          20111229              405.12
          20111230                 405
          20120103              411.23
          20120104              413.44
          20120105              418.03
          20120106               422.4
          20120109              421.73
          20120110              423.24
          20120111              422.55
          20120112              421.39
          20120113              419.81
          20120117               424.7
          20120118              429.11
          20120119              427.75
          20120120               420.3
          20120123              427.41
          20120124              420.41
          20120125              446.66
          20120126              444.63
          20120127              447.28
          20120130              453.01
          20120131              456.48
          20120201              456.19
          20120202              455.12
          20120203              459.68
          20120206              463.97
          20120207              468.83
          20120208              476.68
          20120209              493.17
          20120210              493.42
          20120213               502.6
          20120214              509.46
          20120215              497.67
          20120216              502.21
          20120217              502.12
          20120221              514.85
          20120222              513.04
          20120223              516.39
          20120224              522.41
          20120227              525.76
          20120228              535.41
          20120229              542.44
          20120301              544.47
          20120302              545.18
          20120305              533.16
          20120306              530.26
          20120307              530.69
          20120308              541.99
          20120309              545.17
          20120312                 552
          20120313               568.1
          20120314              589.58
          20120315              585.56
          20120316              585.57
          20120319               601.1
          20120320              605.96
          20120321               602.5
          20120322              599.34
          20120323              596.05
          20120326              606.98
          20120327              614.48
          20120328              617.62
          20120329              609.86
          20120330              599.55
          20120402              618.63
          20120403              629.32
          20120404              624.31
          20120405              633.68
          20120409              636.23
          20120410              628.44
          20120411               626.2
          20120412              622.77
          20120413              605.23
          20120416              580.13
          20120417               609.7
          20120418              608.34
          20120419              587.44
          20120420              572.98
          20120423               571.7
          20120424              560.28
          20120425                 610
          20120426               607.7
          20120427                 603
          20120430              583.98
          20120501              582.13
          20120502              585.98
          20120503              581.82
          20120504              565.25
          20120507              569.48
          20120508              568.18
          20120509              569.18
          20120510              570.52
          20120511              566.71
          20120514              558.22
          20120515              553.17
          20120516              546.08
          20120517              530.12
          20120518              530.38
          20120521              561.28
          20120522              556.97
          20120523              570.56
          20120524              565.32
          20120525              562.29
          20120529              572.27
          20120530              579.17
          20120531              577.73
          20120601              560.99
          20120604              564.29
          20120605              562.83
          20120606              571.46
          20120607              571.72
          20120608              580.32
          20120611              571.17
          20120612              576.16
          20120613              572.16
          20120614              571.53
          20120615              574.13
          20120618              585.78
          20120619              587.41
          20120620              585.74
          20120621              577.67
          20120622               582.1
          20120625              570.77
          20120626              572.03
          20120627               574.5
          20120628              569.05
          20120629                 584
          20120702              592.52
          20120703              599.41
          20120705              609.94
          20120706              605.88
          20120709              613.89
          20120710              608.21
          20120711              604.43
          20120712               598.9
          20120713              604.97
          20120716              606.91
          20120717              606.94
          20120718              606.26
          20120719              614.32
          20120720               604.3
          20120723              603.83
          20120724              600.92
          20120725              574.97
          20120726              574.88
          20120727              585.16
          20120730              595.03
          20120731              610.76
          20120801              606.81
          20120802              607.79
          20120803               615.7
          20120806              622.55
          20120807              620.91
          20120808              619.86
          20120809              620.73
          20120810               621.7
          20120813                 630
          20120814              631.69
          20120815              630.83
          20120816              636.34
          20120817              648.11
          20120820              665.15
          20120821              656.06
          20120822              668.87
          20120823              662.63
          20120824              663.22
          20120827              675.68
          20120828               674.8
          20120829              673.47
          20120830              663.87
          20120831              665.24
