        19900301     100   99.83   -0.18
        19900401   99.95   99.76    -0.2
        19900501   99.86   99.59   -0.27
        19900601    99.7   99.31   -0.39
        19900701   99.44   98.93   -0.52
        19900801   99.12   98.46   -0.65
        19900901   98.78   97.99   -0.79
        19901001   98.51   97.58   -0.93
        19901101   98.41    97.3   -1.11
        19901201   98.47   97.19   -1.29
        19910101   98.67   97.24   -1.42
        19910201   98.92   97.46   -1.47
        19910301   99.18   97.77   -1.41
        19910401   99.39   98.12   -1.26
        19910501    99.5   98.48   -1.02
        19910601   99.47   98.81   -0.66
        19910701   99.34   99.06   -0.28
        19910801   99.06   99.19    0.14
        19910901   98.75   99.22    0.47
        19911001   98.44   99.17    0.73
        19911101   98.13    99.1    0.97
        19911201   97.83   99.07    1.24
        19920101   97.59   99.12    1.53
        19920201   97.41   99.24    1.83
        19920301   97.31    99.4    2.09
        19920401   97.23   99.55    2.32
        19920501   97.16   99.64    2.48
        19920601    97.1   99.66    2.57
        19920701   97.06   99.65    2.59
        19920801    97.1   99.64    2.54
        19920901   97.23   99.67    2.44
        19921001   97.44   99.77    2.33
        19921101   97.69   99.91    2.22
        19921201   97.95  100.04    2.09
        19930101   98.16   100.1    1.93
        19930201   98.35  100.08    1.73
        19930301   98.54   99.99    1.45
        19930401   98.77   99.86    1.09
        19930501   99.04   99.71    0.67
        19930601   99.33   99.58    0.25
        19930701   99.64   99.51   -0.13
        19930801   99.95   99.52   -0.43
        19930901  100.25   99.63   -0.63
        19931001  100.54   99.81   -0.73
        19931101  100.78  100.04   -0.74
        19931201  100.98   100.3   -0.68
        19940101  101.11  100.54   -0.57
        19940201  101.24  100.73    -0.5
        19940301  101.36  100.87   -0.49
        19940401   101.5  100.95   -0.54
        19940501  101.62  100.98   -0.64
        19940601  101.74  100.97   -0.77
        19940701  101.87  100.93   -0.94
        19940801  102.01  100.88   -1.13
        19940901  102.16  100.81   -1.35
        19941001  102.32  100.73   -1.59
        19941101  102.44   100.6   -1.84
        19941201  102.47  100.41   -2.06
        19950101  102.41  100.17   -2.24
        19950201  102.54   99.88   -2.66
        19950301  102.61   99.55   -3.06
        19950401  102.64   99.26   -3.38
        19950501  102.63   99.02   -3.61
        19950601   102.6   98.87   -3.73
        19950701  102.53   98.78   -3.75
        19950801  102.42   98.73   -3.69
        19950901  102.27   98.68   -3.59
        19951001  102.08   98.64   -3.45
        19951101  101.87   98.62   -3.26
        19951201  101.64   98.63      -3
        19960101  101.37    98.7   -2.67
        19960201  101.07   98.82   -2.25
        19960301  100.72   98.98   -1.74
        19960401  100.29   99.14   -1.15
        19960501   99.81   99.29   -0.52
        19960601    99.3   99.42    0.12
        19960701    98.8    99.5     0.7
        19960801   98.36   99.57    1.21
        19960901   98.01   99.64    1.63
        19961001   97.79   99.71    1.92
        19961101   97.68   99.78    2.11
        19961201   97.68   99.87    2.18
        19970101   97.77   99.97     2.2
        19970201   97.91  100.09    2.18
        19970301   98.08  100.22    2.15
        19970401   98.28  100.36    2.08
        19970501   98.48  100.49    2.02
        19970601    98.6  100.62    2.03
        19970701   98.55  100.73    2.18
        19970801   98.28  100.81    2.53
        19970901   97.76  100.86     3.1
        19971001   97.06  100.89    3.83
        19971101   96.29  100.89     4.6
        19971201    95.6  100.85    5.26
        19980101   95.09   100.8    5.71
        19980201   94.82  100.74    5.92
        19980301   94.75  100.64    5.89
        19980401   94.85  100.51    5.66
        19980501    95.1  100.34    5.24
        19980601   95.51  100.16    4.65
        19980701   96.07   99.98     3.9
        19980801   96.76   99.83    3.07
        19980901   97.53   99.73    2.21
        19981001   98.34   99.73    1.39
        19981101    99.2   99.83    0.62
        19981201  100.14   99.98   -0.16
        19990101  101.12  100.17   -0.95
        19990201  102.12  100.36   -1.75
        19990301  103.06  100.54   -2.52
        19990401  103.91   100.7   -3.21
        19990501  104.62  100.83   -3.79
        19990601  105.17  100.94   -4.24
        19990701  105.54  101.01   -4.53
        19990801   105.7  101.07   -4.63
        19990901  105.68  101.12   -4.55
        19991001   105.5  101.18   -4.32
        19991101  105.23  101.24   -3.99
        19991201  104.87  101.29   -3.58
        20000101  104.44   101.3   -3.13
        20000201  103.97  101.26   -2.71
        20000301  103.54   101.2   -2.34
        20000401  103.16  101.11   -2.05
        20000501   102.8  100.99   -1.81
        20000601  102.42  100.84   -1.58
        20000701  101.96  100.64   -1.32
        20000801  101.38   100.4   -0.99
        20000901  100.66  100.12   -0.54
        20001001   99.84   99.79   -0.04
        20001101      99   99.44    0.44
        20001201   98.24   99.06    0.83
        20010101   97.63   98.74    1.11
        20010201   97.23    98.5    1.27
        20010301   97.06   98.36     1.3
        20010401   97.03   98.29    1.27
        20010501   97.08   98.28     1.2
        20010601    97.2   98.27    1.07
        20010701   97.42   98.23    0.81
        20010801   97.75   98.16    0.42
        20010901   98.19   98.11   -0.08
        20011001   98.79   98.15   -0.64
        20011101   99.51    98.3    -1.2
        20011201  100.28   98.55   -1.73
        20020101  101.03   98.85   -2.19
        20020201  101.68   99.13   -2.55
        20020301  102.17   99.35   -2.82
        20020401  102.43   99.44   -2.99
        20020501  102.47   99.39   -3.08
        20020601  102.34   99.19   -3.14
        20020701  102.12   98.91   -3.21
        20020801  101.83   98.61   -3.22
        20020901  101.49   98.32   -3.17
        20021001   101.1   98.09   -3.01
        20021101  100.64   97.93   -2.71
        20021201  100.11   97.83   -2.28
        20030101   99.52   97.75   -1.76
        20030201   98.96   97.73   -1.24
        20030301   98.54   97.77   -0.77
        20030401    98.3   97.92   -0.38
        20030501   98.25   98.16   -0.09
        20030601   98.38   98.45    0.07
        20030701   98.65   98.79    0.13
        20030801   98.99   99.16    0.16
        20030901   99.35   99.55     0.2
        20031001   99.68   99.94    0.26
        20031101   99.97  100.31    0.34
        20031201  100.19  100.62    0.42
        20040101  100.36  100.85    0.49
        20040201  100.45  100.99    0.54
        20040301  100.49  101.06    0.57
        20040401  100.49  101.06    0.56
        20040501  100.46  101.02    0.56
        20040601  100.41  100.94    0.53
        20040701  100.37  100.84    0.47
        20040801  100.31  100.73    0.41
        20040901  100.25  100.63    0.38
        20041001  100.17  100.55    0.38
        20041101  100.09  100.51    0.41
        20041201  100.04  100.48    0.44
        20050101  100.04  100.43    0.39
        20050201  100.09  100.36    0.27
        20050301  100.14  100.29    0.15
        20050401  100.18  100.24    0.06
        20050501  100.23  100.23       0
        20050601  100.34  100.26   -0.08
        20050701  100.52  100.31   -0.21
        20050801  100.74  100.36   -0.37
        20050901  100.96  100.45   -0.51
        20051001  101.16  100.58   -0.58
        20051101  101.28  100.74   -0.54
        20051201   101.3   100.9    -0.4
        20060101  101.22  101.03   -0.19
        20060201  101.06  101.12    0.06
        20060301  100.84  101.16    0.32
        20060401   100.6  101.15    0.55
        20060501  100.38   101.1    0.72
        20060601  100.24  101.06    0.82
        20060701   100.2  101.03    0.83
        20060801  100.27  101.04    0.77
        20060901  100.37  101.09    0.72
        20061001  100.45  101.17    0.72
        20061101  100.49  101.27    0.78
        20061201   100.5  101.37    0.87
        20070101  100.54  101.47    0.93
        20070201  100.62  101.57    0.95
        20070301  100.75  101.68    0.94
        20070401  100.92  101.79    0.87
        20070501  101.12  101.87    0.76
        20070601   101.3  101.91    0.61
        20070701  101.42   101.9    0.48
        20070801  101.42  101.82     0.4
        20070901   101.3  101.71    0.41
        20071001  101.03  101.59    0.56
        20071101  100.62  101.46    0.83
        20071201  100.13  101.33     1.2
        20080101   99.59  101.21    1.62
        20080201   99.04  101.07    2.03
        20080301   98.53  100.92    2.39
        20080401   98.05  100.74    2.69
        20080501   97.62   100.5    2.88
        20080601   97.23  100.16    2.93
        20080701   96.93   99.69    2.76
        20080801   96.71   99.06    2.35
        20080901   96.56   98.26     1.7
        20081001   96.51   97.34    0.84
        20081101   96.65   96.43   -0.22
        20081201   97.04   95.63   -1.41
        20090101   97.68   95.03   -2.65
        20090201   98.51   94.67   -3.84
        20090301   99.38    94.6   -4.78
        20090401  100.23   94.82   -5.41
        20090501  100.97   95.23   -5.74
        20090601  101.61   95.76   -5.85
        20090701  102.14   96.34    -5.8
        20090801  102.55   96.91   -5.64
        20090901  102.83   97.45   -5.38
        20091001  102.96   97.94   -5.02
        20091101  102.98   98.39   -4.59
        20091201   102.9    98.8   -4.11
        20100101  102.77   99.15   -3.62
        20100201   102.6   99.41   -3.19
        20100301  102.42   99.59   -2.83
        20100401  102.25   99.68   -2.57
        20100501  102.07   99.67   -2.39
        20100601  101.87   99.61   -2.26
        20100701  101.66   99.56    -2.1
        20100801  101.43   99.56   -1.87
        20100901  101.22   99.63   -1.59
        20101001  101.05   99.76   -1.29
        20101101  100.96   99.94   -1.02
        20101201  100.93  100.12   -0.81
        20110101  100.94  100.27   -0.67
        20110201  100.91  100.35   -0.56
        20110301   100.8  100.33   -0.46
        20110401   100.6  100.22   -0.38
        20110501  100.33  100.03    -0.3
        20110601  100.02   99.77   -0.24
        20110701   99.69   99.51   -0.18
        20110801   99.35   99.28   -0.07
        20110901   99.04   99.18    0.14
        20111001   98.76   99.21    0.45
        20111101   98.57   99.37    0.79
        20111201   98.49   99.59     1.1
        20120101   98.51    99.8    1.29
        20120201   98.61   99.95    1.35
        20120301   98.72  100.02     1.3
        20120401   98.83     100    1.17
        20120501   98.91   99.92       1
        20120601   98.96   99.81    0.85
        20120701   98.98   99.73    0.75
        20120801   98.99   99.69    0.69
        20120901   99.02   99.71    0.69
        20121001   99.06   99.77     0.7
        20121101   99.13   99.84    0.71
        20121201   99.22   99.93    0.71
        20130101   99.35  100.04    0.69
        20130201   99.51  100.16    0.65
        20130301   99.69  100.26    0.57
        20130401   99.84  100.35    0.51
        20130501   99.95  100.45     0.5
        20130601     100  100.53    0.53
        20130701   99.98  100.58     0.6
        20130801   99.93   100.6    0.67
        20130901   99.86   100.6    0.74
        20131001    99.8  100.59    0.79
        20131101   99.77  100.59    0.82
        20131201   99.76   100.6    0.84
        20140101   99.75  100.61    0.86
        20140201   99.73  100.65    0.92
        20140301   99.69  100.72    1.03
        20140401   99.63  100.79    1.16
        20140501   99.56  100.84    1.28
        20140601   99.53  100.88    1.35
        20140701   99.55  100.89    1.34
        20140801   99.64   100.9    1.25
        20140901    99.8  100.89    1.09
        20141001   99.99  100.87    0.88
        20141101   100.2  100.83    0.63
        20141201  100.38  100.77    0.39
        20150101  100.51   100.7    0.19
        20150201  100.58  100.61    0.03
        20150301  100.59  100.52   -0.08
        20150401  100.57  100.42   -0.15
        20150501  100.53  100.32   -0.21
        20150601  100.47   100.2   -0.27
        20150701  100.45  100.04    -0.4
        20150801  100.44   99.86   -0.58
        20150901  100.46   99.67   -0.78
        20151001  100.47   99.52   -0.95
        20151101  100.47   99.39   -1.08
        20151201  100.46   99.28   -1.18
        20160101  100.42   99.19   -1.24
        20160201   100.4   99.13   -1.27
        20160301  100.38    99.1   -1.28
        20160401  100.38    99.1   -1.28
        20160501  100.38   99.09   -1.29
        20160601   100.4   99.09   -1.32
        20160701  100.45   99.09   -1.36
        20160801   100.5   99.11   -1.38
        20160901  100.54   99.18   -1.36
        20161001  100.58   99.29   -1.28
        20161101  100.61   99.44   -1.18
        20161201  100.66   99.59   -1.06
        20170101  100.71   99.72   -0.99
        20170201  100.77    99.8   -0.96
        20170301  100.81   99.83   -0.98
