19470101   21.48
19470201   21.62
19470301      22
19470401      22
19470501   21.95
19470601   22.08
19470701   22.23
19470801    22.4
19470901   22.84
19471001   22.91
19471101   23.06
19471201   23.41
19480101   23.68
19480201   23.67
19480301    23.5
19480401   23.82
19480501   24.01
19480601   24.15
19480701    24.4
19480801   24.43
19480901   24.36
19481001   24.31
19481101   24.16
19481201   24.05
19490101   24.01
19490201   23.91
19490301   23.91
19490401   23.92
19490501   23.91
19490601   23.92
19490701    23.7
19490801    23.7
19490901   23.75
19491001   23.67
19491101    23.7
19491201   23.61
19500101   23.51
19500201   23.61
19500301   23.64
19500401   23.65
19500501   23.77
19500601   23.88
19500701   24.07
19500801    24.2
19500901   24.34
19501001    24.5
19501101    24.6
19501201   24.98
19510101   25.38
19510201   25.83
19510301   25.88
19510401   25.92
19510501   25.99
19510601   25.93
19510701   25.91
19510801   25.86
19510901   26.03
19511001   26.16
19511101   26.32
19511201   26.47
19520101   26.45
19520201   26.41
19520301   26.39
19520401   26.46
19520501   26.47
19520601   26.53
19520701   26.68
19520801   26.69
19520901   26.63
19521001   26.69
19521101   26.69
19521201   26.71
19530101   26.64
19530201   26.59
19530301   26.63
19530401   26.69
19530501    26.7
19530601   26.77
19530701   26.79
19530801   26.85
19530901   26.89
19531001   26.95
19531101   26.85
19531201   26.87
19540101   26.94
19540201   26.99
19540301   26.93
19540401   26.86
19540501   26.93
19540601   26.94
19540701   26.86
19540801   26.85
19540901   26.81
19541001   26.72
19541101   26.78
19541201   26.77
19550101   26.77
19550201   26.82
19550301   26.79
19550401   26.79
19550501   26.77
19550601   26.71
19550701   26.76
19550801   26.72
19550901   26.85
19551001   26.82
19551101   26.88
19551201   26.87
19560101   26.83
19560201   26.86
19560301   26.89
19560401   26.93
19560501   27.03
19560601   27.15
19560701   27.29
19560801   27.31
19560901   27.35
19561001   27.51
19561101   27.51
19561201   27.63
19570101   27.67
19570201    27.8
19570301   27.86
19570401   27.93
19570501      28
19570601   28.11
19570701   28.19
19570801   28.28
19570901   28.32
19571001   28.32
19571101   28.41
19571201   28.47
19580101   28.64
19580201    28.7
19580301   28.87
19580401   28.94
19580501   28.94
19580601   28.91
19580701   28.89
19580801   28.94
19580901   28.91
19581001   28.91
19581101   28.95
19581201   28.97
19590101   29.01
19590201      29
19590301   28.97
19590401   28.98
19590501   29.04
19590601   29.11
19590701   29.15
19590801   29.18
19590901   29.25
19591001   29.35
19591101   29.35
19591201   29.41
19600101   29.37
19600201   29.41
19600301   29.41
19600401   29.54
19600501   29.57
19600601   29.61
19600701   29.55
19600801   29.61
19600901   29.61
19601001   29.75
19601101   29.78
19601201   29.81
19610101   29.84
19610201   29.84
19610301   29.84
19610401   29.81
19610501   29.84
19610601   29.84
19610701   29.92
19610801   29.94
19610901   29.98
19611001   29.98
19611101   29.98
19611201   30.01
19620101   30.04
19620201   30.11
19620301   30.17
19620401   30.21
19620501   30.24
19620601   30.21
19620701   30.22
19620801   30.28
19620901   30.42
19621001   30.38
19621101   30.38
19621201   30.38
19630101   30.44
19630201   30.48
19630301   30.51
19630401   30.48
19630501   30.51
19630601   30.61
19630701   30.69
19630801   30.75
19630901   30.72
19631001   30.75
19631101   30.78
19631201   30.88
19640101   30.94
19640201   30.91
19640301   30.94
19640401   30.95
19640501   30.98
19640601   31.01
19640701   31.02
19640801   31.05
19640901   31.08
19641001   31.12
19641101   31.21
19641201   31.25
19650101   31.28
19650201   31.28
19650301   31.31
19650401   31.38
19650501   31.48
19650601   31.61
19650701   31.58
19650801   31.55
19650901   31.62
19651001   31.65
19651101   31.75
19651201   31.85
19660101   31.88
19660201   32.08
19660301   32.18
19660401   32.28
19660501   32.35
19660601   32.38
19660701   32.45
19660801   32.65
19660901   32.75
19661001   32.85
19661101   32.88
19661201   32.92
19670101    32.9
19670201      33
19670301      33
19670401    33.1
19670501    33.1
19670601    33.3
19670701    33.4
19670801    33.5
19670901    33.6
19671001    33.7
19671101    33.9
19671201      34
19680101    34.1
19680201    34.2
19680301    34.3
19680401    34.4
19680501    34.5
19680601    34.7
19680701    34.9
19680801      35
19680901    35.1
19681001    35.3
19681101    35.4
19681201    35.6
19690101    35.7
19690201    35.8
19690301    36.1
19690401    36.3
19690501    36.4
19690601    36.6
19690701    36.8
19690801    36.9
19690901    37.1
19691001    37.3
19691101    37.5
19691201    37.7
19700101    37.9
19700201    38.1
19700301    38.3
19700401    38.5
19700501    38.6
19700601    38.8
19700701    38.9
19700801      39
19700901    39.2
19701001    39.4
19701101    39.6
19701201    39.8
19710101    39.9
19710201    39.9
19710301      40
19710401    40.1
19710501    40.3
19710601    40.5
19710701    40.6
19710801    40.7
19710901    40.8
19711001    40.9
19711101      41
19711201    41.1
19720101    41.2
19720201    41.4
19720301    41.4
19720401    41.5
19720501    41.6
19720601    41.7
19720701    41.8
19720801    41.9
19720901    42.1
19721001    42.2
19721101    42.4
19721201    42.5
19730101    42.7
19730201      43
19730301    43.4
19730401    43.7
19730501    43.9
19730601    44.2
19730701    44.2
19730801      45
19730901    45.2
19731001    45.6
19731101    45.9
19731201    46.3
19740101    46.8
19740201    47.3
19740301    47.8
19740401    48.1
19740501    48.6
19740601      49
19740701    49.3
19740801    49.9
19740901    50.6
19741001      51
19741101    51.5
19741201    51.9
19750101    52.3
19750201    52.6
19750301    52.8
19750401      53
19750501    53.1
19750601    53.5
19750701      54
19750801    54.2
19750901    54.6
19751001    54.9
19751101    55.3
19751201    55.6
19760101    55.8
19760201    55.9
19760301      56
19760401    56.1
19760501    56.4
19760601    56.7
19760701      57
19760801    57.3
19760901    57.6
19761001    57.9
19761101    58.1
19761201    58.4
19770101    58.7
19770201    59.3
19770301    59.6
19770401      60
19770501    60.2
19770601    60.5
19770701    60.8
19770801    61.1
19770901    61.3
19771001    61.6
19771101      62
19771201    62.3
19780101    62.7
19780201      63
19780301    63.4
19780401    63.9
19780501    64.5
19780601      65
19780701    65.5
19780801    65.9
19780901    66.5
19781001    67.1
19781101    67.5
19781201    67.9
19790101    68.5
19790201    69.2
19790301    69.9
19790401    70.6
19790501    71.4
19790601    72.2
19790701      73
19790801    73.7
19790901    74.4
19791001    75.2
19791101      76
19791201    76.9
19800101      78
19800201      79
19800301    80.1
19800401    80.9
19800501    81.7
19800601    82.5
19800701    82.6
19800801    83.2
19800901    83.9
19801001    84.7
19801101    85.6
19801201    86.4
19810101    87.2
19810201      88
19810301    88.6
19810401    89.1
19810501    89.7
19810601    90.5
19810701    91.5
19810801    92.2
19810901    93.1
19811001    93.4
19811101    93.8
19811201    94.1
19820101    94.4
19820201    94.7
19820301    94.7
19820401      95
19820501    95.9
19820601      97
19820701    97.5
19820801    97.7
19820901    97.7
19821001    98.1
19821101      98
19821201    97.7
19830101    97.9
19830201      98
19830301    98.1
19830401    98.8
19830501    99.2
19830601    99.4
19830701    99.8
19830801   100.1
19830901   100.4
19831001   100.8
19831101   101.1
19831201   101.4
19840101   102.1
19840201   102.6
19840301   102.9
19840401   103.3
19840501   103.5
19840601   103.7
19840701   104.1
19840801   104.4
19840901   104.7
19841001   105.1
19841101   105.3
19841201   105.5
19850101   105.7
19850201   106.3
19850301   106.8
19850401     107
19850501   107.2
19850601   107.5
19850701   107.7
19850801   107.9
19850901   108.1
19851001   108.5
19851101     109
19851201   109.5
19860101   109.9
19860201   109.7
19860301   109.1
19860401   108.7
19860501     109
19860601   109.4
19860701   109.5
19860801   109.6
19860901     110
19861001   110.2
19861101   110.4
19861201   110.8
19870101   111.4
19870201   111.8
19870301   112.2
19870401   112.7
19870501     113
19870601   113.5
19870701   113.8
19870801   114.3
19870901   114.7
19871001     115
19871101   115.4
19871201   115.6
19880101     116
19880201   116.2
19880301   116.5
19880401   117.2
19880501   117.5
19880601     118
19880701   118.5
19880801     119
19880901   119.5
19881001   119.9
19881101   120.3
19881201   120.7
19890101   121.2
19890201   121.6
19890301   122.2
19890401   123.1
19890501   123.7
19890601   124.1
19890701   124.5
19890801   124.5
19890901   124.8
19891001   125.4
19891101   125.9
19891201   126.3
19900101   127.5
19900201     128
19900301   128.6
19900401   128.9
19900501   129.1
19900601   129.9
19900701   130.5
19900801   131.6
19900901   132.5
19901001   133.4
19901101   133.7
19901201   134.2
19910101   134.7
19910201   134.8
19910301   134.8
19910401   135.1
19910501   135.6
19910601     136
19910701   136.2
19910801   136.6
19910901     137
19911001   137.2
19911101   137.8
19911201   138.2
19920101   138.3
19920201   138.6
19920301   139.1
19920401   139.4
19920501   139.7
19920601   140.1
19920701   140.5
19920801   140.8
19920901   141.1
19921001   141.7
19921101   142.1
19921201   142.3
19930101   142.8
19930201   143.1
19930301   143.3
19930401   143.8
19930501   144.2
19930601   144.3
19930701   144.5
19930801   144.8
19930901     145
19931001   145.6
19931101     146
19931201   146.3
19940101   146.3
19940201   146.7
19940301   147.1
19940401   147.2
19940501   147.5
19940601   147.9
19940701   148.4
19940801     149
19940901   149.3
19941001   149.4
19941101   149.8
19941201   150.1
19950101   150.5
19950201   150.9
19950301   151.2
19950401   151.8
19950501   152.1
19950601   152.4
19950701   152.6
19950801   152.9
19950901   153.1
19951001   153.5
19951101   153.7
19951201   153.9
19960101   154.7
19960201     155
19960301   155.5
19960401   156.1
19960501   156.4
19960601   156.7
19960701     157
19960801   157.2
19960901   157.7
19961001   158.2
19961101   158.7
19961201   159.1
19970101   159.4
19970201   159.7
19970301   159.8
19970401   159.9
19970501   159.9
19970601   160.2
19970701   160.4
19970801   160.8
19970901   161.2
19971001   161.5
19971101   161.7
19971201   161.8
19980101     162
19980201     162
19980301     162
19980401   162.2
19980501   162.6
19980601   162.8
19980701   163.2
19980801   163.4
19980901   163.5
19981001   163.9
19981101   164.1
19981201   164.4
19990101   164.7
19990201   164.7
19990301   164.8
19990401   165.9
19990501     166
19990601     166
19990701   166.7
19990801   167.1
19990901   167.8
19991001   168.1
19991101   168.4
19991201   168.8
20000101   169.3
20000201     170
20000301     171
20000401   170.9
20000501   171.2
20000601   172.2
20000701   172.7
20000801   172.7
20000901   173.6
20001001   173.9
20001101   174.2
20001201   174.6
20010101   175.6
20010201     176
20010301   176.1
20010401   176.4
20010501   177.3
20010601   177.7
20010701   177.4
20010801   177.4
20010901   178.1
20011001   177.6
20011101   177.5
20011201   177.4
20020101   177.7
20020201     178
20020301   178.5
20020401   179.3
20020501   179.5
20020601   179.6
20020701     180
20020801   180.5
20020901   180.8
20021001   181.2
20021101   181.5
20021201   181.8
20030101   182.6
20030201   183.6
20030301   183.9
20030401   183.2
20030501   182.9
20030601   183.1
20030701   183.7
20030801   184.5
20030901   185.1
20031001   184.9
20031101     185
20031201   185.5
20040101   186.3
20040201   186.7
20040301   187.1
20040401   187.4
20040501   188.2
20040601   188.9
20040701   189.1
20040801   189.2
20040901   189.8
20041001   190.8
20041101   191.7
20041201   191.7
20050101   191.6
20050201   192.4
20050301   193.1
20050401   193.7
20050501   193.6
20050601   193.7
20050701   194.9
20050801   196.1
20050901   198.8
20051001   199.1
20051101   198.1
20051201   198.1
20060101   199.3
20060201   199.4
20060301   199.7
20060401   200.7
20060501   201.3
20060601   201.8
20060701   202.9
20060801   203.8
20060901   202.8
20061001   201.9
20061101     202
20061201   203.1
20070101 203.437
20070201 204.226
20070301 205.288
20070401 205.904
20070501 206.755
20070601 207.234
20070701 207.603
20070801 207.667
20070901 208.547
20071001  209.19
20071101 210.834
20071201 211.445
20080101 212.174
20080201 212.687
20080301 213.448
20080401 213.942
20080501 215.208
20080601 217.463
20080701 219.016
20080801  218.69
20080901 218.877
20081001 216.995
20081101 213.153
20081201 211.398
20090101 211.933
20090201 212.705
20090301 212.495
20090401 212.709
20090501 213.022
20090601  214.79
20090701 214.726
20090801 215.445
20090901 215.861
20091001 216.509
20091101 217.234
20091201 217.347
20100101 217.488
20100201 217.281
20100301 217.353
20100401 217.403
20100501  217.29
20100601 217.199
20100701 217.605
20100801 217.923
20100901 218.275
20101001 219.035
20101101  219.59
20101201 220.472
20110101 221.187
20110201 221.898
20110301 223.046
20110401 224.093
20110501 224.806
20110601 224.806
20110701 225.395
20110801 226.106
20110901 226.597
20111001  226.75
20111101 227.169
20111201 227.223
20120101 227.842
20120201 228.329
20120301 228.807
20120401 229.187
20120501 228.713
20120601 228.524
20120701  228.59
20120801 229.918
20120901 231.015
20121001 231.638
20121101 231.249
20121201 231.221
20130101 231.679
20130201 232.937
20130301 232.282
20130401 231.797
20130501 231.893
20130601 232.445
20130701   232.9
20130801 233.456
20130901 233.544
20131001 233.669
20131101   234.1
20131201 234.719
20140101 235.347
20140201 235.522
20140301 235.956
20140401 236.463
20140501 236.867
20140601 237.188
20140701 237.485
20140801 237.439
20140901 237.452
20141001 237.447
20141101 237.042
20141201  236.27
20150101 234.836
20150201 235.274
20150301 235.956
20150401 236.165
20150501 236.952
20150601 237.618
20150701 237.993
20150801 237.989
20150901 237.467
20151001 237.764
20151101 238.072
20151201 237.827
20160101  237.99
20160201 237.532
20160301 238.022
20160401 238.843
20160501 239.439
20160601 240.074
20160701 240.058
20160801 240.569
20160901 241.017
20161001 241.667
20161101 242.081
20161201 242.784
20170101 244.028
20170201 244.102
20170301 243.717
20170401 244.087
20170501 243.911
20170601 244.032
20170701 244.236
20170801 245.262
20170901 246.392
20171001 246.583
20171101 247.411
20171201  247.91
20180101 249.245
20180201 249.619
20180301 249.462
20180401 250.013
20180501 250.535
