            19340101                0.72
            19340201                0.62
            19340301                0.24
            19340401                0.15
            19340501                0.16
            19340601                0.15
            19340701                0.15
            19340801                0.19
            19340901                0.21
            19341001                0.27
            19341101                0.25
            19341201                0.23
            19350101                 0.2
            19350201                0.19
            19350301                0.15
            19350401                0.15
            19350501                0.15
            19350601                0.15
            19350701                0.15
            19350801                0.16
            19350901                 0.2
            19351001                 0.2
            19351101                0.16
            19351201                0.15
            19360101                 0.2
            19360201                 0.2
            19360301                 0.2
            19360401                 0.2
            19360501                 0.2
            19360601                 0.2
            19360701                0.15
            19360801                 0.2
            19360901                0.16
            19361001                0.13
            19361101                0.11
            19361201                0.12
            19370101                0.17
            19370201                0.15
            19370301                0.38
            19370401                0.56
            19370501                0.41
            19370601                0.36
            19370701                0.28
            19370801                0.29
            19370901                0.31
            19371001                 0.2
            19371101                0.09
            19371201                0.11
            19380101                 0.1
            19380201                0.08
            19380301                0.08
            19380401                0.09
            19380501                0.05
            19380601                0.05
            19380701                0.07
            19380801                0.06
            19380901                0.08
            19381001                0.05
            19381101                0.04
            19381201                0.03
            19390101                0.03
            19390201                0.03
            19390301                0.03
            19390401                0.03
            19390501                0.03
            19390601                0.03
            19390701                0.04
            19390801                0.05
            19390901                0.14
            19391001                0.05
            19391101                0.05
            19391201                0.04
            19400101                0.01
            19400201                0.02
            19400301                0.02
            19400401                0.02
            19400501                0.06
            19400601                 0.1
            19400701                0.05
            19400801                0.04
            19400901                0.05
            19401001                0.02
            19401101                0.02
            19401201                0.02
            19410101                0.02
            19410201                0.04
            19410301                0.11
            19410401                 0.1
            19410501                0.11
            19410601                0.12
            19410701                0.12
            19410801                0.13
            19410901                 0.1
            19411001                0.09
            19411101                0.28
            19411201                0.33
            19420101                0.27
            19420201                0.25
            19420301                0.25
            19420401                0.32
            19420501                0.37
            19420601                0.37
            19420701                0.38
            19420801                0.38
            19420901                0.38
            19421001                0.38
            19421101                0.38
            19421201                0.38
            19430101                0.38
            19430201                0.38
            19430301                0.38
            19430401                0.38
            19430501                0.38
            19430601                0.38
            19430701                0.38
            19430801                0.38
            19430901                0.38
            19431001                0.38
            19431101                0.38
            19431201                0.38
            19440101                0.38
            19440201                0.38
            19440301                0.38
            19440401                0.38
            19440501                0.38
            19440601                0.38
            19440701                0.38
            19440801                0.38
            19440901                0.38
            19441001                0.38
            19441101                0.38
            19441201                0.38
            19450101                0.38
            19450201                0.38
            19450301                0.38
            19450401                0.38
            19450501                0.38
            19450601                0.38
            19450701                0.38
            19450801                0.38
            19450901                0.38
            19451001                0.38
            19451101                0.38
            19451201                0.38
            19460101                0.38
            19460201                0.38
            19460301                0.38
            19460401                0.38
            19460501                0.38
            19460601                0.38
            19460701                0.38
            19460801                0.38
            19460901                0.38
            19461001                0.38
            19461101                0.38
            19461201                0.38
            19470101                0.38
            19470201                0.38
            19470301                0.38
            19470401                0.38
            19470501                0.38
            19470601                0.38
            19470701                0.66
            19470801                0.75
            19470901                 0.8
            19471001                0.85
            19471101                0.92
            19471201                0.95
            19480101                0.97
            19480201                   1
            19480301                   1
            19480401                   1
            19480501                   1
            19480601                   1
            19480701                   1
            19480801                1.06
            19480901                1.09
            19481001                1.12
            19481101                1.14
            19481201                1.16
            19490101                1.17
            19490201                1.17
            19490301                1.17
            19490401                1.17
            19490501                1.17
            19490601                1.17
            19490701                1.02
            19490801                1.04
            19490901                1.07
            19491001                1.05
            19491101                1.08
            19491201                 1.1
            19500101                1.07
            19500201                1.12
            19500301                1.12
            19500401                1.15
            19500501                1.16
            19500601                1.15
            19500701                1.16
            19500801                 1.2
            19500901                 1.3
            19501001                1.31
            19501101                1.36
            19501201                1.34
            19510101                1.34
            19510201                1.36
            19510301                 1.4
            19510401                1.47
            19510501                1.55
            19510601                1.45
            19510701                1.56
            19510801                1.62
            19510901                1.63
            19511001                1.54
            19511101                1.56
            19511201                1.73
            19520101                1.57
            19520201                1.54
            19520301                1.59
            19520401                1.57
            19520501                1.67
            19520601                 1.7
            19520701                1.81
            19520801                1.83
            19520901                1.71
            19521001                1.74
            19521101                1.85
            19521201                2.09
            19530101                1.96
            19530201                1.97
            19530301                2.01
            19530401                2.19
            19530501                2.16
            19530601                2.11
            19530701                2.04
            19530801                2.04
            19530901                1.79
            19531001                1.38
            19531101                1.44
            19531201                 1.6
            19540101                1.18
            19540201                0.97
            19540301                1.03
            19540401                0.97
            19540501                0.76
            19540601                0.64
            19540701                0.72
            19540801                0.92
            19540901                1.01
            19541001                0.98
            19541101                0.93
            19541201                1.15
            19550101                1.22
            19550201                1.17
            19550301                1.28
            19550401                1.59
            19550501                1.45
            19550601                1.41
            19550701                 1.6
            19550801                 1.9
            19550901                2.07
            19551001                2.23
            19551101                2.24
            19551201                2.54
            19560101                2.41
            19560201                2.32
            19560301                2.25
            19560401                 2.6
            19560501                2.61
            19560601                2.49
            19560701                2.31
            19560801                 2.6
            19560901                2.84
            19561001                 2.9
            19561101                2.99
            19561201                3.21
            19570101                3.11
            19570201                 3.1
            19570301                3.08
            19570401                3.07
            19570501                3.06
            19570601                3.29
            19570701                3.16
            19570801                3.37
            19570901                3.53
            19571001                3.58
            19571101                3.31
            19571201                3.04
            19580101                2.44
            19580201                1.53
            19580301                 1.3
            19580401                1.13
            19580501                0.91
            19580601                0.83
            19580701                0.91
            19580801                1.69
            19580901                2.44
            19581001                2.63
            19581101                2.67
            19581201                2.77
            19590101                2.82
            19590201                 2.7
            19590301                 2.8
            19590401                2.95
            19590501                2.84
            19590601                3.21
            19590701                 3.2
            19590801                3.38
            19590901                4.04
            19591001                4.05
            19591101                4.15
            19591201                4.49
            19600101                4.35
            19600201                3.96
            19600301                3.31
            19600401                3.23
            19600501                3.29
            19600601                2.46
            19600701                 2.3
            19600801                 2.3
            19600901                2.48
            19601001                 2.3
            19601101                2.37
            19601201                2.25
            19610101                2.24
            19610201                2.42
            19610301                2.39
            19610401                2.29
            19610501                2.29
            19610601                2.33
            19610701                2.24
            19610801                2.39
            19610901                2.28
            19611001                 2.3
            19611101                2.48
            19611201                 2.6
            19620101                2.72
            19620201                2.73
            19620301                2.72
            19620401                2.73
            19620501                2.69
            19620601                2.73
            19620701                2.92
            19620801                2.82
            19620901                2.78
            19621001                2.74
            19621101                2.83
            19621201                2.87
            19630101                2.91
            19630201                2.92
            19630301                2.89
            19630401                 2.9
            19630501                2.93
            19630601                2.99
            19630701                3.18
            19630801                3.32
            19630901                3.38
            19631001                3.45
            19631101                3.52
            19631201                3.52
            19640101                3.52
            19640201                3.53
            19640301                3.54
            19640401                3.47
            19640501                3.48
            19640601                3.48
            19640701                3.46
            19640801                 3.5
            19640901                3.53
            19641001                3.57
            19641101                3.64
            19641201                3.84
            19650101                3.81
            19650201                3.93
            19650301                3.93
            19650401                3.93
            19650501                3.89
            19650601                 3.8
            19650701                3.84
            19650801                3.84
            19650901                3.92
            19651001                4.03
            19651101                4.09
            19651201                4.38
            19660101                4.59
            19660201                4.65
            19660301                4.59
            19660401                4.62
            19660501                4.64
            19660601                 4.5
            19660701                 4.8
            19660801                4.96
            19660901                5.37
            19661001                5.35
            19661101                5.32
            19661201                4.96
            19670101                4.72
            19670201                4.56
            19670301                4.26
            19670401                3.84
            19670501                 3.6
            19670601                3.54
            19670701                4.21
            19670801                4.27
            19670901                4.42
            19671001                4.56
            19671101                4.73
            19671201                4.97
            19680101                   5
            19680201                4.98
            19680301                5.17
            19680401                5.38
            19680501                5.66
            19680601                5.52
            19680701                5.31
            19680801                5.09
            19680901                5.19
            19681001                5.35
            19681101                5.45
            19681201                5.96
            19690101                6.14
            19690201                6.12
            19690301                6.02
            19690401                6.11
            19690501                6.04
            19690601                6.44
            19690701                   7
            19690801                6.98
            19690901                7.09
            19691001                   7
            19691101                7.24
            19691201                7.82
            19700101                7.87
            19700201                7.13
            19700301                6.63
            19700401                6.51
            19700501                6.84
            19700601                6.68
            19700701                6.45
            19700801                6.41
            19700901                6.12
            19701001                5.91
            19701101                5.28
            19701201                4.87
            19710101                4.44
            19710201                 3.7
            19710301                3.38
            19710401                3.86
            19710501                4.14
            19710601                4.75
            19710701                 5.4
            19710801                4.94
            19710901                4.69
            19711001                4.46
            19711101                4.22
            19711201                4.01
            19720101                3.38
            19720201                 3.2
            19720301                3.73
            19720401                3.71
            19720501                3.69
            19720601                3.91
            19720701                3.98
            19720801                4.02
            19720901                4.66
            19721001                4.74
            19721101                4.78
            19721201                5.07
            19730101                5.41
            19730201                 5.6
            19730301                6.09
            19730401                6.26
            19730501                6.36
            19730601                7.19
            19730701                8.01
            19730801                8.67
            19730901                8.29
            19731001                7.22
            19731101                7.83
            19731201                7.45
            19740101                7.77
            19740201                7.12
            19740301                7.96
            19740401                8.33
            19740501                8.23
            19740601                 7.9
            19740701                7.55
            19740801                8.96
            19740901                8.06
            19741001                7.46
            19741101                7.47
            19741201                7.15
            19750101                6.26
            19750201                 5.5
            19750301                5.49
            19750401                5.61
            19750501                5.23
            19750601                5.34
            19750701                6.13
            19750801                6.44
            19750901                6.42
            19751001                5.96
            19751101                5.48
            19751201                5.44
            19760101                4.87
            19760201                4.88
            19760301                   5
            19760401                4.86
            19760501                 5.2
            19760601                5.41
            19760701                5.23
            19760801                5.14
            19760901                5.08
            19761001                4.92
            19761101                4.75
            19761201                4.35
            19770101                4.62
            19770201                4.67
            19770301                 4.6
            19770401                4.54
            19770501                4.96
            19770601                5.02
            19770701                5.19
            19770801                5.49
            19770901                5.81
            19771001                6.16
            19771101                 6.1
            19771201                6.07
            19780101                6.44
            19780201                6.45
            19780301                6.29
            19780401                6.29
            19780501                6.41
            19780601                6.73
            19780701                7.01
            19780801                7.08
            19780901                7.85
            19781001                7.99
            19781101                8.64
            19781201                9.08
            19790101                9.35
            19790201                9.32
            19790301                9.48
            19790401                9.46
            19790501                9.61
            19790601                9.06
            19790701                9.24
            19790801                9.52
            19790901               10.26
            19791001                11.7
            19791101               11.79
            19791201               12.04
            19800101                  12
            19800201               12.86
            19800301                15.2
            19800401                13.2
            19800501                8.58
            19800601                7.07
            19800701                8.06
            19800801                9.13
            19800901               10.27
            19801001               11.62
            19801101               13.73
            19801201               15.49
            19810101               15.02
            19810201               14.79
            19810301               13.36
            19810401               13.69
            19810501                16.3
            19810601               14.73
            19810701               14.95
            19810801               15.51
            19810901                14.7
            19811001               13.54
            19811101               10.86
            19811201               10.85
            19820101               12.28
            19820201               13.48
            19820301               12.68
            19820401                12.7
            19820501               12.09
            19820601               12.47
            19820701               11.35
            19820801                8.68
            19820901                7.92
            19821001                7.71
            19821101                8.07
            19821201                7.94
            19830101                7.86
            19830201                8.11
            19830301                8.35
            19830401                8.21
            19830501                8.19
            19830601                8.79
            19830701                9.08
            19830801                9.34
            19830901                   9
            19831001                8.64
            19831101                8.76
            19831201                   9
            19840101                 8.9
            19840201                9.09
            19840301                9.52
            19840401                9.69
            19840501                9.83
            19840601                9.87
            19840701               10.12
            19840801               10.47
            19840901               10.37
            19841001                9.74
            19841101                8.61
            19841201                8.06
            19850101                7.76
            19850201                8.27
            19850301                8.52
            19850401                7.95
            19850501                7.48
            19850601                6.95
            19850701                7.08
            19850801                7.14
            19850901                 7.1
            19851001                7.16
            19851101                7.24
            19851201                 7.1
            19860101                7.07
            19860201                7.06
            19860301                6.56
            19860401                6.06
            19860501                6.15
            19860601                6.21
            19860701                5.83
            19860801                5.53
            19860901                5.21
            19861001                5.18
            19861101                5.35
            19861201                5.53
            19870101                5.43
            19870201                5.59
            19870301                5.59
            19870401                5.64
            19870501                5.66
            19870601                5.67
            19870701                5.69
            19870801                6.04
            19870901                 6.4
            19871001                6.13
            19871101                5.69
            19871201                5.77
            19880101                5.81
            19880201                5.66
            19880301                 5.7
            19880401                5.91
            19880501                6.26
            19880601                6.46
            19880701                6.73
            19880801                7.06
            19880901                7.24
            19881001                7.35
            19881101                7.76
            19881201                8.07
            19890101                8.27
            19890201                8.53
            19890301                8.82
            19890401                8.65
            19890501                8.43
            19890601                8.15
            19890701                7.88
            19890801                 7.9
            19890901                7.75
            19891001                7.64
            19891101                7.69
            19891201                7.63
            19900101                7.64
            19900201                7.74
            19900301                 7.9
            19900401                7.77
            19900501                7.74
            19900601                7.73
            19900701                7.62
            19900801                7.45
            19900901                7.36
            19901001                7.17
            19901101                7.06
            19901201                6.74
            19910101                6.22
            19910201                5.94
            19910301                5.91
            19910401                5.65
            19910501                5.46
            19910601                5.57
            19910701                5.58
            19910801                5.33
            19910901                5.22
            19911001                4.99
            19911101                4.56
            19911201                4.07
            19920101                 3.8
            19920201                3.84
            19920301                4.04
            19920401                3.75
            19920501                3.63
            19920601                3.66
            19920701                3.21
            19920801                3.13
            19920901                2.91
            19921001                2.86
            19921101                3.13
            19921201                3.22
            19930101                   3
            19930201                2.93
            19930301                2.95
            19930401                2.87
            19930501                2.96
            19930601                3.07
            19930701                3.04
            19930801                3.02
            19930901                2.95
            19931001                3.02
            19931101                 3.1
            19931201                3.06
            19940101                2.98
            19940201                3.25
            19940301                 3.5
            19940401                3.68
            19940501                4.14
            19940601                4.14
            19940701                4.33
            19940801                4.48
            19940901                4.62
            19941001                4.95
            19941101                5.29
            19941201                 5.6
            19950101                5.71
            19950201                5.77
            19950301                5.73
            19950401                5.65
            19950501                5.67
            19950601                5.47
            19950701                5.42
            19950801                 5.4
            19950901                5.28
            19951001                5.28
            19951101                5.36
            19951201                5.14
            19960101                   5
            19960201                4.83
            19960301                4.96
            19960401                4.95
            19960501                5.02
            19960601                5.09
            19960701                5.15
            19960801                5.05
            19960901                5.09
            19961001                4.99
            19961101                5.03
            19961201                4.91
            19970101                5.03
            19970201                5.01
            19970301                5.14
            19970401                5.16
            19970501                5.05
            19970601                4.93
            19970701                5.05
            19970801                5.14
            19970901                4.95
            19971001                4.97
            19971101                5.14
            19971201                5.16
            19980101                5.04
            19980201                5.09
            19980301                5.03
            19980401                4.95
            19980501                   5
            19980601                4.98
            19980701                4.96
            19980801                 4.9
            19980901                4.61
            19981001                3.96
            19981101                4.41
            19981201                4.39
            19990101                4.34
            19990201                4.44
            19990301                4.44
            19990401                4.29
            19990501                 4.5
            19990601                4.57
            19990701                4.55
            19990801                4.72
            19990901                4.68
            19991001                4.86
            19991101                5.07
            19991201                 5.2
            20000101                5.32
            20000201                5.55
            20000301                5.69
            20000401                5.66
            20000501                5.79
            20000601                5.69
            20000701                5.96
            20000801                6.09
            20000901                   6
            20001001                6.11
            20001101                6.17
            20001201                5.77
            20010101                5.15
            20010201                4.88
            20010301                4.42
            20010401                3.87
            20010501                3.62
            20010601                3.49
            20010701                3.51
            20010801                3.36
            20010901                2.64
            20011001                2.16
            20011101                1.87
            20011201                1.69
            20020101                1.65
            20020201                1.73
            20020301                1.79
            20020401                1.72
            20020501                1.73
            20020601                 1.7
            20020701                1.68
            20020801                1.62
            20020901                1.63
            20021001                1.58
            20021101                1.23
            20021201                1.19
            20030101                1.17
            20030201                1.17
            20030301                1.13
            20030401                1.13
            20030501                1.07
            20030601                0.92
            20030701                 0.9
            20030801                0.95
            20030901                0.94
            20031001                0.92
            20031101                0.93
            20031201                 0.9
            20040101                0.88
            20040201                0.93
            20040301                0.94
            20040401                0.94
            20040501                1.02
            20040601                1.27
            20040701                1.33
            20040801                1.48
            20040901                1.65
            20041001                1.76
            20041101                2.07
            20041201                2.19
            20050101                2.33
            20050201                2.54
            20050301                2.74
            20050401                2.78
            20050501                2.84
            20050601                2.97
            20050701                3.22
            20050801                3.44
            20050901                3.42
            20051001                3.71
            20051101                3.88
            20051201                3.89
            20060101                4.24
            20060201                4.43
            20060301                4.51
            20060401                 4.6
            20060501                4.72
            20060601                4.79
            20060701                4.95
            20060801                4.96
            20060901                4.81
            20061001                4.92
            20061101                4.94
            20061201                4.85
            20070101                4.98
            20070201                5.03
            20070301                4.94
            20070401                4.87
            20070501                4.73
            20070601                4.61
            20070701                4.82
            20070801                 4.2
            20070901                3.89
            20071001                 3.9
            20071101                3.27
            20071201                   3
            20080101                2.75
            20080201                2.12
            20080301                1.26
            20080401                1.29
            20080501                1.73
            20080601                1.86
            20080701                1.63
            20080801                1.72
            20080901                1.13
            20081001                0.67
            20081101                0.19
            20081201                0.03
            20090101                0.13
            20090201                 0.3
            20090301                0.21
            20090401                0.16
            20090501                0.18
            20090601                0.18
            20090701                0.18
            20090801                0.17
            20090901                0.12
            20091001                0.07
            20091101                0.05
            20091201                0.05
            20100101                0.06
            20100201                0.11
            20100301                0.15
            20100401                0.16
            20100501                0.16
            20100601                0.12
            20100701                0.16
            20100801                0.16
            20100901                0.15
            20101001                0.13
            20101101                0.14
            20101201                0.14
            20110101                0.15
            20110201                0.13
            20110301                 0.1
            20110401                0.06
            20110501                0.04
            20110601                0.04
            20110701                0.04
            20110801                0.02
            20110901                0.01
            20111001                0.02
            20111101                0.01
            20111201                0.01
            20120101                0.03
            20120201                0.09
            20120301                0.08
            20120401                0.08
            20120501                0.09
            20120601                0.09
            20120701                 0.1