       20000104       283.70
       20000105       282.10
       20000106       282.40
       20000107       282.90
       20000110       282.70
       20000111       284.40
       20000112       283.70
       20000113       285.10
       20000114       284.90
       20000118       289.60
       20000119       290.30
       20000120       289.30
       20000121       289.70
       20000124       288.10
       20000125       286.60
       20000126       286.50
       20000127       287.10
       20000128       283.00
       20000131       283.20
       20000201       285.40
       20000202       287.70
       20000203       289.90
       20000204       313.00
       20000207       304.50
       20000208       301.70
       20000209       308.60
       20000210       318.70
       20000211       313.60
       20000214       311.00
       20000215       304.10
       20000216       305.00
       20000217       303.80
       20000218       307.30
       20000222       307.70
       20000223       302.40
       20000224       300.90
       20000225       294.60
       20000228       294.20
       20000229       294.20
       20000301       293.30
       20000302       289.70
       20000303       290.30
       20000306       289.40
       20000307       293.70
       20000308       290.40
       20000309       292.70
       20000310       290.00
       20000313       291.50
       20000314       289.70
       20000315       289.60
       20000316       287.00
       20000317       285.00
       20000320       286.50
       20000321       290.40
       20000322       288.30
       20000323       285.40
       20000324       285.10
       20000327       280.50
       20000328       279.50
       20000329       275.90
       20000330       276.10
       20000331       281.40
       20000403       280.40
       20000404       286.60
       20000405       283.80
       20000406       282.70
       20000407       282.50
       20000410       284.00
       20000411       283.70
       20000412       283.50
       20000413       283.20
       20000414       284.60
       20000417       284.20
       20000418       283.00
       20000419       282.50
       20000420       281.50
       20000424       281.20
       20000425       279.80
       20000426       277.10
       20000427       278.40
       20000428       274.70
       20000501       274.80
       20000502       277.00
       20000503       279.10
       20000504       281.20
       20000505       280.10
       20000508       277.60
       20000509       278.20
       20000510       278.70
       20000511       276.50
       20000512       276.90
       20000515       276.40
       20000516       276.20
       20000517       273.80
       20000518       273.70
       20000519       274.60
       20000522       276.20
       20000523       274.70
       20000524       273.80
       20000525       270.70
       20000526       272.20
       20000530       272.30
       20000531       271.70
       20000601       275.40
       20000602       284.20
       20000605       288.20
       20000606       291.80
       20000607       290.00
       20000608       286.80
       20000609       286.40
       20000612       289.10
       20000613       288.10
       20000614       294.20
       20000615       292.10
       20000616       291.20
       20000619       288.00
       20000620       288.10
       20000621       288.10
       20000622       287.20
       20000623       284.80
       20000626       285.50
       20000627       287.50
       20000628       294.30
       20000629       290.70
       20000630       291.50
       20000705       285.30
       20000706       284.60
       20000707       284.60
       20000710       284.90
       20000711       283.30
       20000712       281.40
       20000713       280.90
       20000714       281.90
       20000717       284.20
       20000718       283.10
       20000719       279.60
       20000720       280.40
       20000721       280.60
       20000724       279.30
       20000725       279.30
       20000726       279.70
       20000727       278.60
       20000728       277.70
       20000731       276.80
       20000801       276.90
       20000802       282.80
       20000803       279.50
       20000804       278.60
       20000807       279.10
       20000808       278.70
       20000809       277.30
       20000810       277.60
       20000811       280.30
       20000814       279.60
       20000815       279.60
       20000816       282.30
       20000817       282.60
       20000818       281.70
       20000821       280.00
       20000822       278.30
       20000823       275.70
       20000824       277.50
       20000825       278.60
       20000828       278.50
       20000829       277.50
       20000830       278.20
       20000831       282.10
       20000901       280.90
       20000905       279.70
       20000906       277.90
       20000907       277.70
       20000908       276.80
       20000911       276.80
       20000912       276.60
       20000913       276.50
       20000914       276.00
       20000915       275.80
       20000918       274.90
       20000919       275.40
       20000920       272.50
       20000921       273.50
       20000922       275.10
       20000925       277.30
       20000926       277.30
       20000927       281.60
       20000928       278.90
       20000929       276.90
       20001002       276.30
       20001003       274.80
       20001004       273.20
       20001005       273.40
       20001006       272.10
       20001009       272.90
       20001010       275.10
       20001011       273.00
       20001012       278.80
       20001013       274.80
       20001016       273.90
       20001017       273.40
       20001018       272.60
       20001019       272.30
       20001020       273.30
       20001023       272.00
       20001024       272.10
       20001025       267.90
       20001026       266.60
       20001027       265.90
       20001030       265.80
       20001031       266.40
       20001101       265.40
       20001102       265.90
       20001103       266.10
       20001106       266.00
       20001107       265.40
       20001108       266.10
       20001109       266.90
       20001110       265.50
       20001113       265.30
       20001114       265.40
       20001115       265.60
       20001116       266.30
       20001117       266.20
       20001120       266.80
       20001121       266.10
       20001122       266.70
       20001124       266.70
       20001127       270.30
       20001128       269.80
       20001129       266.40
       20001130       270.10
       20001201       271.90
       20001204       273.80
       20001205       273.30
       20001206       277.30
       20001207       276.10
       20001208       275.10
       20001211       273.10
       20001212       273.20
       20001213       271.20
       20001214       271.50
       20001215       272.90
       20001218       272.00
       20001219       272.00
       20001220       274.70
       20001221       275.70
       20001222       275.50
       20001226       275.90
       20001227       276.90
       20001228       273.70
       20001229       273.60
       20010102       270.00
       20010103       269.30
       20010104       268.40
       20010105       269.00
       20010108       269.00
       20010109       268.50
       20010110       265.60
       20010111       264.80
       20010112       264.60
       20010116       263.90
       20010117       263.80
       20010118       264.80
       20010119       264.90
       20010122       267.00
       20010123       266.70
       20010124       264.60
       20010125       264.80
       20010126       262.90
       20010129       262.80
       20010130       268.00
       20010131       268.00
       20010201       270.70
       20010202       269.30
       20010205       267.40
       20010206       265.40
       20010207       264.90
       20010208       262.20
       20010209       262.00
       20010212       262.70
       20010213       262.20
       20010214       261.20
       20010215       256.90
       20010216       259.80
       20010220       257.60
       20010221       259.40
       20010222       259.80
       20010223       262.10
       20010226       266.80
       20010227       268.40
       20010228       267.80
       20010301       266.20
       20010302       263.10
       20010305       263.50
       20010306       260.90
       20010307       262.40
       20010308       266.10
       20010309       271.50
       20010312       272.30
       20010313       267.50
       20010314       262.90
       20010315       260.30
       20010316       258.40
       20010319       260.10
       20010320       260.80
       20010321       262.20
       20010322       261.40
       20010323       261.70
       20010326       262.10
       20010327       261.10
       20010328       259.70
       20010329       258.80
       20010330       257.90
       20010402       256.60
       20010403       257.90
       20010404       259.40
       20010405       259.10
       20010406       260.90
       20010409       259.20
       20010410       258.20
       20010411       259.60
       20010412       260.90
       20010416       264.10
       20010417       261.80
       20010418       262.00
       20010419       266.00
       20010420       265.40
       20010423       264.30
       20010424       264.70
       20010425       262.60
       20010426       264.50
       20010427       264.30
       20010430       264.40
       20010501       264.80
       20010502       265.80
       20010503       266.70
       20010504       266.50
       20010507       266.50
       20010508       265.50
       20010509       270.40
       20010510       269.50
       20010511       268.30
       20010514       268.70
       20010515       268.50
       20010516       272.40
       20010517       274.00
       20010518       287.80
       20010521       285.80
       20010522       285.50
       20010523       284.00
       20010524       279.40
       20010525       278.20
       20010529       273.90
       20010530       265.70
       20010531       266.90
       20010601       268.00
       20010604       266.50
       20010605       267.10
       20010606       267.00
       20010607       267.30
       20010608       274.50
       20010611       268.90
       20010612       272.60
       20010613       273.10
       20010614       276.40
       20010615       272.30
       20010618       273.40
       20010619       274.40
       20010620       273.40
       20010621       273.60
       20010622       273.30
       20010625       274.70
       20010626       277.00
       20010627       272.80
       20010628       270.00
       20010629       271.30
       20010702       270.10
       20010703       268.30
       20010705       265.80
       20010706       266.60
       20010709       267.00
       20010710       266.70
       20010711       268.80
       20010712       267.10
       20010713       267.60
       20010716       267.40
       20010717       268.60
       20010718       270.80
       20010719       269.70
       20010720       270.20
       20010723       269.10
       20010724       270.00
       20010725       267.80
       20010726       266.30
       20010727       267.40
       20010730       264.60
       20010731       266.20
       20010801       270.30
       20010802       270.30
       20010803       270.80
       20010806       269.90
       20010807       269.90
       20010808       270.70
       20010809       276.20
       20010810       276.80
       20010813       278.60
       20010814       279.10
       20010815       278.40
       20010816       277.90
       20010817       282.00
       20010820       278.60
       20010821       277.40
       20010822       277.30
       20010823       277.70
       20010824       274.90
       20010827       274.90
       20010828       274.40
       20010829       275.80
       20010830       277.50
       20010831       276.50
       20010904       273.70
       20010905       274.10
       20010906       275.00
       20010907       275.10
       20010910       273.70
       20010911       280.00
       20010914       292.30
       20010917       291.50
       20010918       289.70
       20010919       292.30
       20010920       289.80
       20010921       292.90
       20010924       290.90
       20010925       291.80
       20010926       294.80
       20010927       293.20
       20010928       294.00
       20011001       293.20
       20011002       290.90
       20011003       291.60
       20011004       291.60
       20011005       292.50
       20011008       293.40
       20011009       289.70
       20011010       286.70
       20011011       282.60
       20011012       285.70
       20011015       282.70
       20011016       282.90
       20011017       284.00
       20011018       279.80
       20011019       280.70
       20011022       276.10
       20011023       276.50
       20011024       276.30
       20011025       278.20
       20011026       278.30
       20011029       279.70
       20011030       281.20
       20011031       280.50
       20011101       280.70
       20011102       280.80
       20011105       279.50
       20011106       280.20
       20011107       281.30
       20011108       277.10
       20011109       277.70
       20011112       278.60
       20011113       278.00
       20011114       278.00
       20011115       275.30
       20011116       274.90
       20011119       272.90
       20011120       273.20
       20011121       273.10
       20011123       273.10
       20011126       272.50
       20011127       273.40
       20011128       274.10
       20011129       273.50
       20011130       273.90
       20011203       277.90
       20011204       276.30
       20011205       274.60
       20011206       275.00
       20011207       274.70
       20011210       273.00
       20011211       272.90
       20011212       274.50
       20011213       274.60
       20011214       278.60
       20011217       278.30
       20011218       280.90
       20011219       276.00
       20011220       276.50
       20011221       278.30
       20011226       279.60
       20011227       277.70
       20011228       276.80
       20011231       279.00
       20020102       279.20
       20020103       278.50
       20020104       279.20
       20020107       278.90
       20020108       279.20
       20020109       283.70
       20020110       287.40
       20020111       287.70
       20020114       285.70
       20020115       284.70
       20020116       287.60
       20020117       284.70
       20020118       283.40
       20020122       281.80
       20020123       278.90
       20020124       278.40
       20020125       279.10
       20020128       278.50
       20020129       281.40
       20020130       281.90
       20020131       282.90
       20020201       286.80
       20020204       290.10
       20020205       299.10
       20020206       298.30
       20020207       300.60
       20020208       304.40
       20020211       300.80
       20020212       301.30
       20020213       300.00
       20020214       300.20
       20020215       298.90
       20020219       293.60
       20020220       292.60
       20020221       293.50
       20020222       293.50
       20020225       292.90
       20020226       298.20
       20020227       296.60
       20020228       297.10
       20020301       298.40
       20020304       297.10
       20020305       294.40
       20020306       293.90
       20020307       290.50
       20020308       290.30
       20020311       291.30
       20020312       293.80
       20020313       293.80
       20020314       291.20
       20020315       290.10
       20020318       292.30
       20020319       293.00
       20020320       292.40
       20020321       293.10
       20020322       297.60
       20020325       297.70
       20020326       296.80
       20020327       303.30
       20020328       303.70
       20020401       304.20
       20020402       307.00
       20020403       303.50
       20020404       302.00
       20020405       301.00
       20020408       301.30
       20020409       299.50
       20020410       302.50
       20020411       303.00
       20020412       302.90
       20020415       300.70
       20020416       299.50
       20020417       302.80
       20020418       305.20
       20020419       303.00
       20020422       303.60
       20020423       304.60
       20020424       304.80
       20020425       308.60
       20020426       312.10
       20020429       311.50
       20020430       309.20
       20020501       309.40
       20020502       308.60
       20020503       312.50
       20020506       311.50
       20020507       311.90
       20020508       308.50
       20020509       309.80
       20020510       311.30
       20020513       310.90
       20020514       307.60
       20020515       309.00
       20020516       310.10
       20020517       310.90
       20020520       316.00
       20020521       316.10
       20020522       318.30
       20020523       322.80
       20020524       320.70
       20020528       324.10
       20020529       325.50
       20020530       325.50
       20020531       326.50
       20020603       327.70
       20020604       328.80
       20020605       322.10
       20020606       325.80
       20020607       325.40
       20020610       319.50
       20020611       320.50
       20020612       321.10
       20020613       318.50
       20020614       319.80
       20020617       318.10
       20020618       319.70
       20020619       320.30
       20020620       323.70
       20020621       325.10
       20020624       324.70
       20020625       320.50
       20020626       320.80
       20020627       319.60
       20020628       313.90
       20020701       314.40
       20020702       313.20
       20020703       311.30
       20020708       312.50
       20020709       316.50
       20020710       315.10
       20020711       317.60
       20020712       315.90
       20020715       319.90
       20020716       317.50
       20020717       317.70
       20020718       317.10
       20020719       323.90
       20020722       323.50
       20020723       312.60
       20020724       311.40
       20020725       309.70
       20020726       303.30
       20020729       302.40
       20020730       303.70
       20020731       305.20
       20020801       306.00
       20020802       309.00
       20020805       309.60
       20020806       307.30
       20020807       316.10
       20020808       312.20
       20020809       316.00
       20020812       315.80
       20020813       315.90
       20020814       313.50
       20020815       316.10
       20020816       315.40
       20020819       307.70
       20020820       310.40
       20020821       309.30
       20020822       308.30
       20020823       308.30
       20020826       311.00
       20020827       313.90
       20020828       310.90
       20020829       314.40
       20020830       313.90
       20020903       315.00
       20020904       316.50
       20020905       319.80
       20020906       321.50
       20020909       322.80
       20020910       319.40
       20020911       318.10
       20020912       320.40
       20020913       318.10
       20020916       318.50
       20020917       318.20
       20020918       321.80
       20020919       323.90
       20020920       323.20
       20020923       324.10
       20020924       327.20
       20020925       323.60
       20020926       321.70
       20020927       321.10
       20020930       325.20
       20021001       322.20
       20021002       322.80
       20021003       322.40
       20021004       323.30
       20021007       323.10
       20021008       319.40
       20021009       320.80
       20021010       317.40
       20021011       317.20
       20021014       318.60
       20021015       313.40
       20021016       314.70
       20021017       312.20
       20021018       313.30
       20021021       311.50
       20021022       313.60
       20021023       312.60
       20021024       311.20
       20021025       313.90
       20021028       315.60
       20021029       318.10
       20021030       316.90
       20021031       318.40
       20021101       319.20
       20021104       318.70
       20021105       318.60
       20021106       317.90
       20021107       320.90
       20021108       321.70
       20021111       321.60
       20021112       324.70
       20021113       318.90
       20021114       318.10
       20021115       320.90
       20021118       319.40
       20021119       318.80
       20021120       317.60
       20021121       317.60
       20021122       320.90
       20021125       317.90
       20021126       317.70
       20021127       316.80
       20021202       317.60
       20021203       321.20
       20021204       323.10
       20021205       325.60
       20021206       327.10
       20021209       326.50
       20021210       324.20
       20021211       325.50
       20021212       332.10
       20021213       333.80
       20021216       337.60
       20021217       338.00
       20021218       342.70
       20021219       346.50
       20021220       341.00
       20021223       345.60
       20021224       347.30
       20021226       349.40
       20021227       349.70
       20021230       344.10
       20021231       348.20
       20030102       346.50
       20030103       351.60
       20030106       352.10
       20030107       347.70
       20030108       354.30
       20030109       353.70
       20030110       354.90
       20030113       355.10
       20030114       352.40
       20030115       351.10
       20030116       358.10
       20030117       356.80
       20030120       356.80
       20030121       357.50
       20030122       359.90
       20030123       364.70
       20030124       368.40
       20030127       369.40
       20030128       370.00
       20030129       366.30
       20030130       368.60
       20030131       369.10
       20030203       371.60
       20030204       379.90
       20030205       377.20
       20030206       370.70
       20030207       370.50
       20030210       364.20
       20030211       363.00
       20030212       353.00
       20030213       357.70
       20030214       352.20
       20030218       344.30
       20030219       350.00
       20030220       353.10
       20030221       351.80
       20030224       356.40
       20030225       352.40
       20030226       354.10
       20030227       346.20
       20030228       350.30
       20030303       349.30
       20030304       353.30
       20030305       353.20
       20030306       356.90
       20030307       350.90
       20030310       354.80
       20030311       350.60
       20030312       346.60
       20030313       336.00
       20030314       336.60
       20030317       337.20
       20030318       337.70
       20030319       336.20
       20030320       333.00
       20030321       326.10
       20030324       329.50
       20030325       328.30
       20030326       330.10
       20030327       328.40
       20030328       331.50
       20030331       335.90
       20030401       335.20
       20030402       330.40
       20030403       325.70
       20030404       326.00
       20030407       322.20
       20030408       322.90
       20030409       326.20
       20030410       327.30
       20030411       328.50
       20030414       324.90
       20030415       325.50
       20030416       326.30
       20030417       327.60
       20030421       333.90
       20030422       334.80
       20030423       331.90
       20030424       335.10
       20030425       333.70
       20030428       334.80
       20030429       334.00
       20030430       339.40
       20030501       342.40
       20030502       341.30
       20030505       342.60
       20030506       342.80
       20030507       342.20
       20030508       348.70
       20030509       348.90
       20030512       351.90
       20030513       350.20
       20030514       352.50
       20030515       352.80
       20030516       354.90
       20030519       364.40
       20030520       366.50
       20030521       372.20
       20030522       368.10
       20030523       368.80
       20030527       367.80
       20030528       365.20
       20030529       369.60
       20030530       364.50
       20030602       367.10
       20030603       366.30
       20030604       363.60
       20030605       369.50
       20030606       364.50
       20030609       362.60
       20030610       352.80
       20030611       356.20
       20030612       353.90
       20030613       357.20
       20030616       359.70
       20030617       363.80
       20030618       357.80
       20030619       361.80
       20030620       356.70
       20030623       353.40
       20030624       346.70
       20030625       349.60
       20030626       344.20
       20030627       345.50
       20030630       346.30
       20030701       351.70
       20030702       351.60
       20030703       351.30
       20030707       348.40
       20030708       344.40
       20030709       343.90
       20030710       344.60
       20030711       345.10
       20030714       347.80
       20030715       342.20
       20030716       343.20
       20030717       344.30
       20030718       347.30
       20030721       351.00
       20030722       350.70
       20030723       358.70
       20030724       362.30
       20030725       362.80
       20030728       364.90
       20030729       361.70
       20030730       356.20
       20030731       354.00
       20030801       347.80
       20030804       350.90
       20030805       351.20
       20030806       352.40
       20030807       354.10
       20030808       357.90
       20030811       363.30
       20030812       360.00
       20030813       363.70
       20030814       367.50
       20030815       364.70
       20030818       359.90
       20030819       363.00
       20030820       367.00
       20030821       361.80
       20030822       364.30
       20030825       362.40
       20030826       366.80
       20030827       374.10
       20030828       371.60
       20030829       376.80
       20030902       374.30
       20030903       375.00
       20030904       374.00
       20030905       378.70
       20030908       376.20
       20030909       382.80
       20030910       381.10
       20030911       380.80
       20030912       376.90
       20030915       375.60
       20030916       374.60
       20030917       377.30
       20030918       377.70
       20030919       382.90
       20030922       388.30
       20030923       387.00
       20030924       388.40
       20030925       385.90
       20030926       381.80
       20030929       383.20
       20030930       386.10
       20031001       385.00
       20031002       383.70
       20031003       370.00
       20031006       373.30
       20031007       377.80
       20031008       376.00
       20031009       369.80
       20031010       374.10
       20031013       375.70
       20031014       376.20
       20031015       373.10
       20031016       373.20
       20031017       372.20
       20031020       374.40
       20031021       382.00
       20031022       386.80
       20031023       385.00
       20031024       389.20
       20031027       388.20
       20031028       383.40
       20031029       387.00
       20031030       384.40
       20031031       384.60
       20031103       377.10
       20031104       380.00
       20031105       382.70
       20031106       380.70
       20031107       383.40
       20031110       386.70
       20031111       388.20
       20031112       395.00
       20031113       394.30
       20031114       398.00
       20031117       391.50
       20031118       397.60
       20031119       394.90
       20031120       393.70
       20031121       396.00
       20031124       391.50
       20031125       391.10
       20031126       396.80
       20031201       403.80
       20031202       404.60
       20031203       404.80
       20031204       404.20
       20031205       407.30
       20031208       407.50
       20031209       408.90
       20031210       407.00
       20031211       405.40
       20031212       410.10
       20031215       409.90
       20031216       408.40
       20031217       412.70
       20031218       411.10
       20031219       409.90
       20031222       411.30
       20031223       411.60
       20031224       412.80
       20031229       415.30
       20031230       417.20
       20031231       416.10
       20040105       424.80
       20040106       423.20
       20040107       422.30
       20040108       424.40
       20040109       426.80
       20040112       426.60
       20040113       424.00
       20040114       422.00
       20040115       408.70
       20040116       407.00
       20040120       412.90
       20040121       411.20
       20040122       410.10
       20040123       408.00
       20040126       406.70
       20040127       410.10
       20040128       414.60
       20040129       398.50
       20040130       402.20
       20040202       399.30
       20040203       399.90
       20040204       401.70
       20040205       398.80
       20040206       404.20
       20040209       407.40
       20040210       407.00
       20040211       410.70
       20040212       414.20
       20040213       410.80
       20040217       416.50
       20040218       412.80
       20040219       410.30
       20040220       398.00
       20040223       399.30
       20040224       404.80
       20040225       396.10
       20040226       395.50
       20040227       396.80
       20040301       399.60
       20040302       393.80
       20040303       392.70
       20040304       393.20
       20040305       401.60
       20040308       400.90
       20040309       404.50
       20040310       400.30
       20040311       401.00
       20040312       395.60
       20040315       399.60
       20040316       402.60
       20040317       407.10
       20040318       411.30
       20040319       412.70
       20040322       417.60
       20040323       420.00
       20040324       417.40
       20040325       416.90
       20040326       422.20
       20040329       417.10
       20040330       421.70
       20040331       428.30
       20040401       428.80
       20040402       422.50
       20040405       416.30
       20040406       419.80
       20040407       423.70
       20040408       420.70
       20040409       420.70
       20040412       420.90
       20040413       407.70
       20040414       400.50
       20040415       398.30
       20040416       401.60
       20040419       401.20
       20040420       398.30
       20040421       391.40
       20040422       393.90
       20040423       395.70
       20040426       396.60
       20040427       399.10
       20040428       385.90
       20040429       387.10
       20040430       387.50
       20040503       387.50
       20040504       391.80
       20040505       393.80
       20040506       388.40
       20040507       379.10
       20040510       378.70
       20040511       377.20
       20040512       377.70
       20040513       374.90
       20040514       377.10
       20040517       379.60
       20040518       375.90
       20040519       383.00
       20040520       378.50
       20040521       384.90
       20040524       385.70
       20040525       388.40
       20040526       388.30
       20040527       394.90
       20040528       394.00
       20040531       394.00
       20040601       395.50
       20040602       392.50
       20040603       388.90
       20040604       391.70
       20040607       394.50
       20040608       391.80
       20040609       385.20
       20040610       386.60
       20040611       386.60
       20040614       384.20
       20040615       388.70
       20040616       385.20
       20040617       389.50
       20040618       395.70
       20040621       394.50
       20040622       395.50
       20040623       395.50
       20040624       403.50
       20040625       403.20
       20040628       401.30
       20040629       392.80
       20040630       393.00
       20040701       396.40
       20040702       398.70
       20040706       393.00
       20040707       402.70
       20040708       408.20
       20040709       407.90
       20040712       408.40
       20040713       402.30
       20040714       405.60
       20040715       404.40
       20040716       406.80
       20040719       405.80
       20040720       402.10
       20040721       397.30
       20040722       395.30
       20040723       390.50
       20040726       390.30
       20040727       387.00
       20040728       389.00
       20040729       387.00
       20040730       391.00
       20040802       394.40
       20040803       396.50
       20040804       394.70
       20040805       394.80
       20040806       402.10
       20040809       403.00
       20040810       402.30
       20040811       397.90
       20040812       396.60
       20040813       401.20
       20040816       405.20
       20040817       406.70
       20040818       406.60
       20040819       409.30
       20040820       415.50
       20040823       412.80
       20040824       405.00
       20040825       410.00
       20040826       409.60
       20040827       405.40
       20040830       410.00
       20040831       412.40
       20040901       410.80
       20040902       408.00
       20040903       402.50
       20040907       399.40
       20040908       401.40
       20040909       400.40
       20040910       403.80
       20040913       406.00
       20040914       407.50
       20040915       406.80
       20040916       406.50
       20040917       407.60
       20040920       407.00
       20040921       410.10
       20040922       409.00
       20040923       412.60
       20040924       409.70
       20040927       410.70
       20040928       414.20
       20040929       414.70
       20040930       420.40
       20041001       421.20
       20041004       415.60
       20041005       419.80
       20041006       420.00
       20041007       419.50
       20041008       424.50
       20041011       423.40
       20041012       416.60
       20041013       414.60
       20041014       419.50
       20041015       420.10
       20041018       417.60
       20041019       421.60
       20041020       424.80
       20041021       425.60
       20041022       425.60
       20041025       429.90
       20041026       427.60
       20041027       425.60
       20041028       426.10
       20041029       429.40
       20041101       428.20
       20041102       420.80
       20041103       425.40
       20041104       430.80
       20041105       434.30
       20041108       433.40
       20041109       436.20
       20041110       434.50
       20041111       435.40
       20041112       438.30
       20041115       437.30
       20041116       440.50
       20041117       445.10
       20041118       442.90
       20041119       447.00
       20041122       449.00
       20041123       447.90
       20041124       449.30
       20041126       449.30
       20041129       453.70
       20041130       451.30
       20041201       455.90
       20041202       452.30
       20041203       457.80
       20041206       455.90
       20041207       453.70
       20041208       438.70
       20041209       437.20
       20041210       435.30
       20041213       440.30
       20041214       437.30
       20041215       442.20
       20041216       438.20
       20041217       442.90
       20041220       443.60
       20041221       442.90
       20041222       441.40
       20041223       442.90
       20041224       442.90
       20041227       446.20
       20041228       445.30
       20041229       437.00
       20041230       438.40
       20041231       438.40
       20050103       429.70
       20050104       429.20
       20050105       427.30
       20050106       421.60
       20050107       419.50
       20050110       419.70
       20050111       422.40
       20050112       426.60
       20050113       425.10
       20050114       423.00
       20050117       423.30
       20050118       423.50
       20050119       423.30
       20050120       422.60
       20050121       426.90
       20050124       427.10
       20050125       422.10
       20050126       426.90
       20050127       426.30
       20050128       425.80
       20050131       421.80
       20050201       422.90
       20050202       423.00
       20050203       418.50
       20050204       415.90
       20050207       415.40
       20050208       414.30
       20050209       414.50
       20050210       418.70
       20050211       422.00
       20050214       427.30
       20050215       427.30
       20050216       426.90
       20050217       428.60
       20050218       428.40
       20050221       428.90
       20050222       435.80
       20050223       436.10
       20050224       435.70
       20050225       436.10
       20050228       437.60
       20050301       433.90
       20050302       433.80
       20050303       430.80
       20050304       435.10
       20050307       435.80
       20050308       441.10
       20050309       442.90
       20050310       443.40
       20050311       446.80
       20050314       441.60
       20050315       441.40
       20050316       444.20
       20050317       439.10
       20050318       439.70
       20050321       431.40
       20050322       431.60
       20050323       425.40
       20050324       424.80
       20050325       425.00
       20050328       426.00
       20050329       426.00
       20050330       426.90
       20050331       428.70
       20050401       428.30
       20050404       426.00
       20050405       426.60
       20050406       429.20
       20050407       428.40
       20050408       428.80
       20050411       430.40
       20050412       429.30
       20050413       431.00
       20050414       425.60
       20050415       426.50
       20050418       429.00
       20050419       434.40
       20050420       436.70
       20050421       434.40
       20050422       435.60
       20050425       435.80
       20050426       439.00
       20050427       434.10
       20050428       432.40
       20050429       436.10
       20050502       430.50
       20050503       430.90
       20050504       430.00
       20050505       430.70
       20050506       426.90
       20050509       426.90
       20050510       427.90
       20050511       427.90
       20050512       422.20
       20050513       420.70
       20050516       419.30
       20050517       419.80
       20050518       421.90
       20050519       420.80
       20050520       417.70
       20050523       416.90
       20050524       417.70
       20050525       418.90
       20050526       418.00
       20050527       419.80
       20050530       422.80
       20050531       418.90
       20050601       417.70
       20050602       424.80
       20050603       425.80
       20050606       428.40
       20050607       426.70
       20050608       426.60
       20050609       426.10
       20050610       429.30
       20050613       431.10
       20050614       429.30
       20050615       430.90
       20050616       437.90
       20050617       440.00
       20050620       440.00
       20050621       440.50
       20050622       439.70
       20050623       443.20
       20050624       442.00
       20050627       441.70
       20050628       437.70
       20050629       438.60
       20050630       437.10
       20050701       428.80
       20050704       429.30
       20050705       423.90
       20050706       424.50
       20050707       424.20
       20050708       423.80
       20050711       426.30
       20050712       427.10
       20050713       424.60
       20050714       420.20
       20050715       421.30
       20050718       421.00
       20050719       420.20
       20050720       422.10
       20050721       425.70
       20050722       425.00
       20050725       425.90
       20050726       423.50
       20050727       424.80
       20050728       427.40
       20050729       429.90
       20050801       437.70
       20050802       437.70
       20050803       442.70
       20050804       443.70
       20050805       442.80
       20050808       440.30
       20050809       439.80
       20050810       442.00
       20050811       450.90
       20050812       451.40
       20050815       447.60
       20050816       451.50
       20050817       445.20
       20050818       444.70
       20050819       442.20
       20050822       443.00
       20050823       444.30
       20050824       442.20
       20050825       443.10
       20050826       442.10
       20050829       441.40
       20050830       435.50
       20050831       438.10
       20050901       446.50
       20050902       448.50
       20050906       448.60
       20050907       449.00
       20050908       450.70
       20050909       453.00
       20050912       453.70
       20050913       450.00
       20050914       453.70
       20050915       459.30
       20050916       463.30
       20050919       470.40
       20050920       470.00
       20050921       472.60
       20050922       470.30
       20050923       467.20
       20050926       469.50
       20050927       466.20
       20050928       473.10
       20050929       475.80
       20050930       472.30
       20051003       469.30
       20051004       469.30
       20051005       469.30
       20051006       475.00
       20051007       477.70
       20051010       478.00
       20051011       479.80
       20051012       476.60
       20051013       473.80
       20051014       471.80
       20051017       476.60
       20051018       474.60
       20051019       465.80
       20051020       463.20
       20051021       469.10
       20051024       467.00
       20051025       474.70
       20051026       473.00
       20051027       475.60
       20051028       474.80
       20051031       466.90
       20051101       460.60
       20051102       464.60
       20051103       461.90
       20051104       457.90
       20051107       460.40
       20051108       462.30
       20051109       467.50
       20051110       467.70
       20051111       469.40
       20051114       469.10
       20051115       469.00
       20051116       479.10
       20051117       486.90
       20051118       486.20
       20051121       489.50
       20051122       492.90
       20051123       492.30
       20051125       491.80
       20051128       498.30
       20051129       499.10
       20051130       498.70
       20051201       506.30
       20051202       507.00
       20051205       512.60
       20051206       513.80
       20051207       517.80
       20051208       522.70
       20051209       530.20
       20051212       531.50
       20051213       524.10
       20051214       509.50
       20051215       506.60
       20051216       505.90
       20051219       506.10
       20051220       497.00
       20051221       495.30
       20051222       505.00
       20051223       505.20
       20051227       510.10
       20051228       516.30
       20051229       517.50
       20051230       518.90
       20060103       532.50
       20060104       535.60
       20060105       527.80
       20060106       541.20
       20060109       550.50
       20060110       545.70
       20060111       550.10
       20060112       549.30
       20060113       557.00
       20060117       554.30
       20060118       544.50
       20060119       559.00
       20060120       554.00
       20060123       558.70
       20060124       558.10
       20060125       562.50
       20060126       559.90
       20060127       558.80
       20060130       565.80
       20060131       570.80
       20060201       574.00
       20060202       576.80
       20060203       571.60
       20060206       574.30
       20060207       554.80
       20060208       553.80
       20060209       568.10
       20060210       553.50
       20060213       542.10
       20060214       548.90
       20060215       542.70
       20060216       548.80
       20060217       554.60
       20060221       556.60
       20060222       556.60
       20060223       550.90
       20060224       561.20
       20060227       557.00
       20060228       563.90
       20060301       565.80
       20060302       570.40
       20060303       568.00
       20060306       556.80
       20060307       554.50
       20060308       544.30
       20060309       547.00
       20060310       541.30
       20060313       547.50
       20060314       553.00
       20060315       554.40
       20060316       555.40
       20060317       555.10
       20060320       556.10
       20060321       553.20
       20060322       551.70
       20060323       550.80
       20060324       560.50
       20060327       567.40
       20060328       567.00
       20060329       573.30
       20060330       586.70
       20060331       581.80
       20060403       589.40
       20060404       586.00
       20060405       587.90
       20060406       595.20
       20060407       588.40
       20060410       597.60
       20060411       595.20
       20060412       597.50
       20060413       596.50
       20060417       615.40
       20060418       620.00
       20060419       632.60
       20060420       619.80
       20060421       632.20
       20060424       620.60
       20060425       631.00
       20060426       638.80
       20060427       636.30
       20060428       654.50
       20060501       660.20
       20060502       667.40
       20060503       668.50
       20060504       676.50
       20060505       684.30
       20060508       679.90
       20060509       701.50
       20060510       705.70
       20060511       721.50
       20060512       711.80
       20060515       685.00
       20060516       692.90
       20060517       691.80
       20060518       680.90
       20060519       657.50
       20060522       657.70
       20060523       673.70
       20060524       637.50
       20060525       648.50
       20060526       651.00
       20060530       653.90
       20060531       642.50
       20060601       627.60
       20060602       635.50
       20060605       643.20
       20060606       629.40
       20060607       627.40
       20060608       609.10
       20060609       608.20
       20060612       606.80
       20060613       562.50
       20060614       562.30
       20060615       566.50
       20060616       578.00
       20060619       568.80
       20060620       576.90
       20060621       587.50
       20060622       582.20
       20060623       584.80
       20060626       584.80
       20060627       581.60
       20060628       578.30
       20060629       586.50
       20060630       613.50
       20060703       613.50
       20060705       627.30
       20060706       634.10
       20060707       632.80
       20060710       624.10
       20060711       641.20
       20060712       649.40
       20060713       652.90
       20060714       666.60
       20060717       650.60
       20060718       628.30
       20060719       641.60
       20060720       631.70
       20060721       619.60
       20060724       612.70
       20060725       617.60
       20060726       621.60
       20060727       632.40
       20060728       634.80
       20060731       634.20
       20060801       646.30
       20060802       651.60
       20060803       644.90
       20060804       644.00
       20060807       647.80
       20060808       645.70
       20060809       650.50
       20060810       634.90
       20060811       633.50
       20060814       628.50
       20060815       622.50
       20060816       628.70
       20060817       615.40
       20060818       612.10
       20060821       625.70
       20060822       624.60
       20060823       623.70
       20060824       619.50
       20060825       622.00
       20060828       615.30
       20060829       610.70
       20060830       617.70
       20060831       625.90
       20060901       624.40
       20060905       638.50
       20060906       633.50
       20060907       617.00
       20060908       609.60
       20060911       590.00
       20060912       587.00
       20060913       589.10
       20060914       579.30
       20060915       576.40
       20060918       586.20
       20060919       576.80
       20060920       580.00
       20060921       582.20
       20060922       589.40
       20060925       589.90
       20060926       591.20
       20060927       597.30
       20060928       605.00
       20060929       598.60
       20061002       597.70
       20061003       576.30
       20061004       562.00
       20061005       571.00
       20061006       572.40
       20061009       578.40
       20061010       571.90
       20061011       572.30
       20061012       576.30
       20061013       588.80
       20061016       594.70
       20061017       589.70
       20061018       588.90
       20061019       599.00
       20061020       593.00
       20061023       579.70
       20061024       584.40
       20061025       587.60
       20061026       596.80
       20061027       601.00
       20061030       607.40
       20061031       606.80
       20061101       619.30
       20061102       627.80
       20061103       629.20
       20061106       627.90
       20061107       627.70
       20061108       618.30
       20061109       636.80
       20061110       630.10
       20061113       625.80
       20061114       625.30
       20061115       623.80
       20061116       621.70
       20061117       622.50
       20061120       622.10
       20061121       628.70
       20061122       629.00
       20061124       629.00
       20061127       640.60
       20061128       637.30
       20061129       635.50
       20061130       646.90
       20061201       644.70
       20061204       645.20
       20061205       642.30
       20061206       630.50
       20061207       631.90
       20061208       626.10
       20061211       630.00
       20061212       627.00
       20061213       627.90
       20061214       626.60
       20061215       615.00
       20061218       614.00
       20061219       621.60
       20061220       620.60
       20061221       618.20
       20061222       619.10
       20061226       623.70
       20061227       627.20
       20061228       636.90
       20061229       638.00
       20070102       638.00
       20070103       629.80
       20070104       626.20
       20070105       606.90
       20070108       609.40
       20070109       615.00
       20070110       613.40
       20070111       613.90
       20070112       626.90
       20070116       625.90
       20070117       633.30
       20070118       628.10
       20070119       636.40
       20070122       634.10
       20070123       645.90
       20070124       648.20
       20070125       648.10
       20070126       644.70
       20070129       643.20
       20070130       644.20
       20070131       652.00
       20070201       657.40
       20070202       646.20
       20070205       650.90
       20070206       653.60
       20070207       652.30
       20070208       658.00
       20070209       667.50
       20070212       662.60
       20070213       663.90
       20070214       667.40
       20070215       667.30
       20070216       668.80
       20070220       657.10
       20070221       680.20
       20070222       679.40
       20070223       683.10
       20070226       686.50
       20070227       687.20
       20070228       672.50
       20070301       665.10
       20070302       644.10
       20070305       639.20
       20070306       646.20
       20070307       652.90
       20070308       655.50
       20070309       652.00
       20070312       650.30
       20070313       649.40
       20070314       642.50
       20070315       647.10
       20070316       653.90
       20070319       654.30
       20070320       659.00
       20070321       660.00
       20070322       664.20
       20070323       657.30
       20070326       663.90
       20070327       662.50
       20070328       666.80
       20070329       661.50
       20070330       663.00
       20070402       665.70
       20070403       664.00
       20070404       672.10
       20070405       674.20
       20070409       671.90
       20070410       676.50
       20070411       676.80
       20070412       675.10
       20070413       685.40
       20070416       690.10
       20070417       688.20
       20070418       689.10
       20070419       684.30
       20070420       692.00
       20070423       690.60
       20070424       684.20
       20070425       684.10
       20070426       674.90
       20070427       678.70
       20070430       680.50
       20070501       674.40
       20070502       672.30
       20070503       681.80
       20070504       687.20
       20070507       688.00
       20070508       685.10
       20070509       680.30
       20070510       665.10
       20070511       670.60
       20070514       668.50
       20070515       673.00
       20070516       660.20
       20070517       656.20
       20070518       661.00
       20070521       662.90
       20070522       659.10
       20070523       661.90
       20070524       653.00
       20070525       655.10
       20070529       657.10
       20070530       653.10
       20070531       661.00
       20070601       671.20
       20070604       670.70
       20070605       669.60
       20070606       669.30
       20070607       660.10
       20070608       645.50
       20070611       654.30
       20070612       648.50
       20070613       648.20
       20070614       651.60
       20070615       654.50
       20070618       655.80
       20070619       660.70
       20070620       656.10
       20070621       650.60
       20070622       653.50
       20070625       651.30
       20070626       642.10
       20070627       641.70
       20070628       650.40
       20070629       650.90
       20070702       659.20
       20070703       655.40
       20070705       650.60
       20070706       654.80
       20070709       662.50
       20070710       664.40
       20070711       662.10
       20070712       668.30
       20070713       667.30
       20070716       666.30
       20070717       665.90
       20070718       673.70
       20070719       678.10
       20070720       684.70
       20070723       681.50
       20070724       684.80
       20070725       673.80
       20070726       662.80
       20070727       660.10
       20070730       664.10
       20070731       666.90
       20070801       663.60
       20070802       664.60
       20070803       672.50
       20070806       671.50
       20070807       670.60
       20070808       674.50
       20070809       661.40
       20070810       670.30
       20070813       669.70
       20070814       668.60
       20070815       668.90
       20070816       648.30
       20070817       656.90
       20070820       656.70
       20070821       656.70
       20070822       659.10
       20070823       658.90
       20070824       668.00
       20070827       666.80
       20070828       664.40
       20070829       666.30
       20070830       668.00
       20070831       675.80
       20070904       685.20
       20070905       684.30
       20070906       698.10
       20070907       703.20
       20070910       705.60
       20070911       714.40
       20070912       714.00
       20070913       711.20
       20070914       711.10
       20070917       717.10
       20070918       717.00
       20070919       723.00
       20070920       733.20
       20070921       732.10
       20070924       732.50
       20070925       732.00
       20070926       728.60
       20070927       732.70
       20070928       742.80
       20071001       747.20
       20071002       729.80
       20071003       729.30
       20071004       737.80
       20071005       741.30
       20071008       732.80
       20071009       737.40
       20071010       740.40
       20071011       751.30
       20071012       748.70
       20071015       757.10
       20071016       757.00
       20071017       757.50
       20071018       764.10
       20071019       764.00
       20071022       755.80
       20071023       759.00
       20071024       761.60
       20071025       767.30
       20071026       783.90
       20071029       789.10
       20071030       787.80
       20071031       795.30
       20071101       793.70
       20071102       808.50
       20071105       810.80
       20071106       823.40
       20071107       833.50
       20071108       837.50
       20071109       834.70
       20071112       807.70
       20071113       799.00
       20071114       814.70
       20071115       787.30
       20071116       787.00
       20071119       778.00
       20071120       791.40
       20071121       798.60
       20071123       824.70
       20071126       826.50
       20071127       814.00
       20071128       800.30
       20071129       795.30
       20071130       782.20
       20071203       788.30
       20071204       801.30
       20071205       797.50
       20071206       801.20
       20071207       794.40
       20071210       807.70
       20071211       811.40
       20071212       813.50
       20071213       799.00
       20071214       793.30
       20071217       794.80
       20071218       803.00
       20071219       801.10
       20071220       799.20
       20071221       811.60
       20071224       812.80
       20071226       826.00
       20071227       828.60
       20071228       842.70
       20071231       838.00
       20080102       860.00
       20080103       869.10
       20080104       865.70
       20080107       862.00
       20080108       880.30
       20080109       881.70
       20080110       893.60
       20080111       897.70
       20080114       903.40
       20080115       902.60
       20080116       882.00
       20080117       880.50
       20080118       881.70
       20080122       890.30
       20080123       883.10
       20080124       905.80
       20080125       910.70
       20080128       927.10
       20080129       925.10
       20080130       920.60
       20080131       922.70
       20080201       908.70
       20080204       904.90
       20080205       885.90
       20080206       900.70
       20080207       906.10
       20080208       918.40
       20080211       922.90
       20080212       907.40
       20080213       906.50
       20080214       907.40
       20080215       902.80
       20080219       926.60
       20080220       934.60
       20080221       946.10
       20080222       944.70
       20080225       937.60
       20080226       946.10
       20080227       958.20
       20080228       967.50
       20080229       975.00
       20080303       984.20
       20080304       966.30
       20080305       988.50
       20080306       977.10
       20080307       974.20
       20080310       971.80
       20080311       976.00
       20080312       980.50
       20080313       993.80
       20080314       999.50
       20080317      1002.60
       20080318      1004.30
       20080319       945.30
       20080320       920.00
       20080324       918.70
       20080325       935.00
       20080326       949.20
       20080327       948.80
       20080328       930.60
       20080331       916.20
       20080401       882.90
       20080402       895.20
       20080403       905.00
       20080404       909.00
       20080407       922.70
       20080408       914.00
       20080409       933.60
       20080410       928.30
       20080411       923.60
       20080414       925.40
       20080415       928.70
       20080416       945.10
       20080417       939.80
       20080418       912.20
       20080421       914.70
       20080422       922.30
       20080423       906.20
       20080424       886.80
       20080425       887.30
       20080428       892.90
       20080429       874.20
       20080430       862.80
       20080501       848.90
       20080502       856.10
       20080505       872.30
       20080506       876.00
       20080507       869.60
       20080508       880.60
       20080509       884.50
       20080512       883.70
       20080513       868.50
       20080514       865.40
       20080515       879.00
       20080516       899.00
       20080519       905.00
       20080520       919.50
       20080521       928.00
       20080522       917.90
       20080523       925.60
       20080527       907.70
       20080528       900.50
       20080529       877.20
       20080530       887.30
       20080602       892.90
       20080603       881.60
       20080604       879.90
       20080605       871.80
       20080606       895.40
       20080609       894.70
       20080610       867.90
       20080611       879.70
       20080612       869.20
       20080613       870.30
       20080616       883.60
       20080617       884.30
       20080618       890.90
       20080619       901.70
       20080620       901.30
       20080623       884.80
       20080624       889.20
       20080625       880.00
       20080626       913.10
       20080627       931.30
       20080630       928.30
       20080701       944.50
       20080702       946.50
       20080703       933.60
       20080707       928.80
       20080708       923.30
       20080709       928.60
       20080710       942.00
       20080711       960.60
       20080714       973.70
       20080715       978.70
       20080716       962.70
       20080717       970.70
       20080718       958.00
       20080721       963.70
       20080722       948.50
       20080723       922.80
       20080724       922.30
       20080725       926.80
       20080728       927.70
       20080729       916.50
       20080730       902.90
       20080731       913.90
       20080801       909.00
       20080804       900.10
       20080805       878.60
       20080806       875.60
       20080807       870.70
       20080808       857.80
       20080811       821.50
       20080812       808.20
       20080813       825.00
       20080814       808.20
       20080815       786.00
       20080818       799.70
       20080819       811.10
       20080820       810.30
       20080821       833.00
       20080822       827.40
       20080825       819.80
       20080826       822.20
       20080827       828.10
       20080828       833.30
       20080829       831.20
       20080902       806.60
       20080903       804.30
       20080904       799.30
       20080905       798.80
       20080908       798.50
       20080909       788.10
       20080910       758.90
       20080911       742.10
       20080912       761.00
       20080915       783.80
       20080916       777.10
       20080917       847.10
       20080918       893.20
       20080919       861.00
       20080922       904.30
       20080923       885.90
       20080924       889.40
       20080925       878.00
       20080926       882.90
       20080929       888.20
       20080930       874.20
       20081001       880.70
       20081002       839.00
       20081003       828.90
       20081006       862.70
       20081007       878.40
       20081008       903.10
       20081009       883.10
       20081010       855.40
       20081013       838.90
       20081014       836.30
       20081015       835.50
       20081016       801.50
       20081017       785.10
       20081020       787.60
       20081021       766.10
       20081022       733.30
       20081023       713.30
       20081024       729.10
       20081027       741.70
       20081028       739.30
       20081029       752.80
       20081030       738.50
       20081031       718.20
       20081103       726.80
       20081104       757.30
       20081105       742.40
       20081106       732.20
       20081107       734.20
       20081110       746.50
       20081111       732.80
       20081112       718.30
       20081113       705.00
       20081114       742.50
       20081117       742.00
       20081118       732.70
       20081119       736.00
       20081120       748.70
       20081121       791.80
       20081124       819.50
       20081125       818.50
       20081126       808.50
       20081128       816.20
       20081201       774.60
       20081202       781.30
       20081203       768.80
       20081204       763.80
       20081205       750.50
       20081208       767.40
       20081209       772.40
       20081210       807.10
       20081211       824.90
       20081212       818.90
       20081215       835.40
       20081216       841.70
       20081217       867.50
       20081218       859.60
       20081219       836.40
       20081222       846.20
       20081223       837.20
       20081224       847.10
       20081226       870.40
       20081229       874.60
       20081230       870.00
       20081231       884.30
       20090102       879.50
       20090105       857.80
       20090106       866.00
       20090107       841.70
       20090108       854.50
       20090109       855.00
       20090112       821.00
       20090113       820.70
       20090114       808.80
       20090115       807.30
       20090116       839.90
       20090120       855.20
       20090121       850.10
       20090122       858.80
       20090123       895.80
       20090126       908.80
       20090127       899.50
       20090128       888.20
       20090129       905.10
       20090130       927.30
       20090202       906.70
       20090203       892.00
       20090204       901.60
       20090205       913.60
       20090206       913.90
       20090209       892.40
       20090210       913.70
       20090211       943.80
       20090212       948.50
       20090213       941.50
       20090217       967.00
       20090218       977.70
       20090219       976.10
       20090220      1001.80
       20090223       994.60
       20090224       969.10
       20090225       965.70
       20090226       942.60
       20090227       942.50
       20090302       940.00
       20090303       913.60
       20090304       906.70
       20090305       927.80
       20090306       942.70
       20090309       918.00
       20090310       895.90
       20090311       910.70
       20090312       924.00
       20090313       930.10
       20090316       922.00
       20090317       916.80
       20090318       889.10
       20090319       958.80
       20090320       956.20
       20090323       952.50
       20090324       923.80
       20090325       935.80
       20090326       940.00
       20090327       923.20
       20090330       915.50
       20090331       922.60
       20090401       926.10
       20090402       907.40
       20090403       895.60
       20090406       871.50
       20090407       882.20
       20090408       884.80
       20090409       882.20
       20090413       894.70
       20090414       890.90
       20090415       892.80
       20090416       879.30
       20090417       867.40
       20090420       887.00
       20090421       882.10
       20090422       891.80
       20090423       905.90
       20090424       913.60
       20090427       907.40
       20090428       892.80
       20090429       899.80
       20090430       890.70
       20090501       887.60
       20090504       901.60
       20090505       903.70
       20090506       910.50
       20090507       915.00
       20090508       914.40
       20090511       913.00
       20090512       923.50
       20090513       925.50
       20090514       928.00
       20090515       930.90
       20090518       921.30
       20090519       926.30
       20090520       937.00
       20090521       950.80
       20090522       958.50
       20090526       953.10
       20090527       953.20
       20090528       961.50
       20090529       978.80
       20090601       978.60
       20090602       983.20
       20090603       964.50
       20090604       981.20
       20090605       961.70
       20090608       951.70
       20090609       954.00
       20090610       954.00
       20090611       961.30
       20090612       940.10
       20090615       926.90
       20090616       931.60
       20090617       935.40
       20090618       934.00
       20090619       935.60
       20090622       920.60
       20090623       923.90
       20090624       934.10
       20090625       939.10
       20090626       941.00
       20090629       940.70
       20090630       927.40
       20090701       941.30
       20090702       931.00
       20090706       924.30
       20090707       929.10
       20090708       909.30
       20090709       916.20
       20090710       912.50
       20090713       922.50
       20090714       922.80
       20090715       939.40
       20090716       935.40
       20090717       937.50
       20090720       948.80
       20090721       946.90
       20090722       953.30
       20090723       954.80
       20090724       953.10
       20090727       953.50
       20090728       939.10
       20090729       927.20
       20090730       934.90
       20090731       953.70
       20090803       956.60
       20090804       967.50
       20090805       964.20
       20090806       960.70
       20090807       957.30
       20090810       945.00
       20090811       945.80
       20090812       950.70
       20090813       954.70
       20090814       947.00
       20090817       934.30
       20090818       937.70
       20090819       943.30
       20090820       940.30
       20090821       953.20
       20090824       942.30
       20090825       944.50
       20090826       944.30
       20090827       945.50
       20090828       957.50
       20090831       952.20
       20090901       955.20
       20090902       977.10
       20090903       996.30
       20090904       995.40
       20090908       998.50
       20090909       995.90
       20090910       995.70
       20090911      1005.20
       20090914      1000.20
       20090915      1005.30
       20090916      1019.20
       20090917      1012.60
       20090918      1009.40
       20090921      1003.90
       20090922      1014.40
       20090923      1013.10
       20090924       997.60
       20090925       990.30
       20090928       992.50
       20090929       993.10
       20090930      1008.00
       20091001       999.50
       20091002      1003.20
       20091005      1016.70
       20091006      1038.60
       20091007      1043.30
       20091008      1055.40
       20091009      1047.80
       20091012      1056.70
       20091013      1064.20
       20091014      1063.90
       20091015      1049.80
       20091016      1050.70
       20091019      1057.30
       20091020      1057.80
       20091021      1063.70
       20091022      1057.80
       20091023      1055.60
       20091026      1042.10
       20091027      1034.70
       20091028      1029.90
       20091029      1047.10
       20091030      1040.40
       20091102      1054.00
       20091103      1084.90
       20091104      1087.30
       20091105      1089.30
       20091106      1095.70
       20091109      1101.40
       20091110      1102.50
       20091111      1114.60
       20091112      1106.60
       20091113      1116.70
       20091116      1139.20
       20091117      1139.40
       20091118      1141.20
       20091119      1141.90
       20091120      1146.80
       20091123      1164.70
       20091124      1165.80
       20091125      1187.00
       20091127      1174.20
       20091130      1181.10
       20091201      1199.10
       20091202      1212.00
       20091203      1217.40
       20091204      1168.80
       20091207      1163.40
       20091208      1142.80
       20091209      1120.40
       20091210      1125.70
       20091211      1119.40
       20091214      1123.30
       20091215      1122.40
       20091216      1135.50
       20091217      1106.80
       20091218      1110.80
       20091221      1095.40
       20091222      1086.00
       20091223      1093.30
       20091224      1104.10
       20091228      1107.20
       20091229      1097.00
       20091230      1091.50
       20091231      1095.20
       20100104      1117.70
       20100105      1118.10
       20100106      1135.90
       20100107      1133.10
       20100108      1138.20
       20100111      1150.70
       20100112      1128.90
       20100113      1136.40
       20100114      1142.60
       20100115      1130.10
       20100119      1139.70
       20100120      1112.30
       20100121      1102.70
       20100122      1089.20
       20100125      1095.20
       20100126      1097.90
       20100127      1084.50
       20100128      1083.60
       20100129      1083.00
       20100201      1104.30
       20100202      1117.40
       20100203      1111.40
       20100204      1062.40
       20100205      1052.20
       20100208      1065.70
       20100209      1076.70
       20100210      1075.80
       20100211      1094.20
       20100212      1089.50
       20100216      1119.30
       20100217      1119.50
       20100218      1118.00
       20100219      1121.30
       20100222      1112.60
       20100223      1102.70
       20100224      1096.50
       20100225      1107.80
       20100226      1118.30
       20100301      1117.80
       20100302      1136.90
       20100303      1142.70
       20100304      1132.60
       20100305      1134.80
       20100308      1123.60
       20100309      1122.00
       20100310      1107.80
       20100311      1108.00
       20100312      1101.50
       20100315      1105.10
       20100316      1122.20
       20100317      1124.00
       20100318      1127.40
       20100319      1107.40
       20100322      1099.30
       20100323      1103.50
       20100324      1088.60
       20100325      1092.70
       20100326      1104.20
       20100329      1110.30
       20100330      1104.50
       20100331      1113.30
       20100401      1125.10
       20100405      1132.90
       20100406      1135.10
       20100407      1152.30
       20100408      1152.20
       20100409      1161.10
       20100412      1161.60
       20100413      1152.80
       20100414      1159.00
       20100415      1159.70
       20100416      1136.30
       20100419      1135.20
       20100420      1138.60
       20100421      1148.20
       20100422      1142.30
       20100423      1153.10
       20100426      1153.50
       20100427      1161.70
       20100428      1171.30
       20100429      1168.40
       20100430      1180.10
       20100503      1182.70
       20100504      1168.60
       20100505      1174.60
       20100506      1196.90
       20100507      1210.00
       20100510      1200.40
       20100511      1219.90
       20100512      1242.70
       20100513      1228.80
       20100514      1227.40
       20100517      1227.70
       20100518      1214.30
       20100519      1192.60
       20100520      1187.80
       20100521      1175.70
       20100524      1193.80
       20100525      1197.80
       20100526      1213.40
       20100527      1211.90
       20100528      1212.20
       20100601      1224.80
       20100602      1220.60
       20100603      1208.30
       20100604      1216.20
       20100607      1239.30
       20100608      1244.00
       20100609      1228.50
       20100610      1220.80
       20100611      1228.90
       20100614      1223.30
       20100615      1233.20
       20100616      1229.30
       20100617      1247.50
       20100618      1257.20
       20100621      1239.70
       20100622      1239.90
       20100623      1234.10
       20100624      1245.50
       20100625      1255.80
       20100628      1238.20
       20100629      1242.00
       20100630      1245.50
       20100701      1206.30
       20100702      1207.40
       20100706      1194.80
       20100707      1198.60
       20100708      1195.80
       20100709      1209.60
       20100712      1198.50
       20100713      1213.30
       20100714      1206.80
       20100715      1208.10
       20100716      1188.00
       20100719      1181.70
       20100720      1191.50
       20100721      1191.60
       20100722      1195.50
       20100723      1187.70
       20100726      1183.00
       20100727      1158.00
       20100728      1160.40
       20100729      1168.40
       20100730      1181.70
       20100802      1183.40
       20100803      1185.20
       20100804      1193.70
       20100805      1197.20
       20100806      1203.40
       20100809      1200.70
       20100810      1196.20
       20100811      1197.50
       20100812      1214.80
       20100813      1214.90
       20100816      1224.50
       20100817      1226.60
       20100818      1229.70
       20100819      1233.80
       20100820      1227.20
       20100823      1226.90
       20100824      1231.80
       20100825      1239.50
       20100826      1234.20
       20100827      1235.60
       20100830      1237.10
       20100831      1248.30
       20100901      1246.30
       20100902      1251.50
       20100903      1249.20
       20100907      1257.30
       20100908      1255.60
       20100909      1248.90
       20100910      1244.50
       20100913      1245.10
       20100914      1269.70
       20100915      1266.70
       20100916      1271.90
       20100917      1275.60
       20100920      1279.00
       20100921      1272.40
       20100922      1290.20
       20100923      1294.30
       20100924      1296.00
       20100927      1296.70
       20100928      1306.60
       20100929      1308.50
       20100930      1307.80
       20101001      1316.10
       20101004      1315.40
       20101005      1338.90
       20101006      1346.40
       20101007      1333.90
       20101008      1344.20
       20101011      1353.30
       20101012      1345.70
       20101013      1369.50
       20101014      1376.70
       20101015      1371.10
       20101018      1371.20
       20101019      1335.10
       20101020      1343.30
       20101021      1324.70
       20101022      1324.40
       20101025      1338.30
       20101026      1338.00
       20101027      1322.20
       20101028      1342.10
       20101029      1357.10
       20101101      1350.20
       20101102      1356.40
       20101103      1337.10
       20101104      1382.70
       20101105      1397.30
       20101108      1402.80
       20101109      1409.80
       20101110      1399.10
       20101111      1403.10
       20101112      1365.40
       20101115      1368.40
       20101116      1338.30
       20101117      1336.80
       20101118      1352.90
       20101119      1352.20
       20101122      1357.70
       20101123      1377.50
       20101124      1373.00
       20101126      1362.40
       20101129      1366.00
       20101130      1385.00
       20101201      1387.30
       20101202      1388.50
       20101203      1405.40
       20101206      1415.30
       20101207      1408.30
       20101208      1382.50
       20101209      1392.10
       20101210      1384.30
       20101213      1397.30
       20101214      1403.60
       20101215      1385.50
       20101216      1370.40
       20101217      1378.60
       20101220      1385.50
       20101221      1388.20
       20101222      1386.80
       20101223      1380.00
       20101227      1382.40
       20101228      1405.20
       20101229      1413.10
       20101230      1405.60
       20101231      1421.10
       20110103      1422.60
       20110104      1378.50
       20110105      1373.40
       20110106      1371.40
       20110107      1368.50
       20110110      1373.70
       20110111      1384.00
       20110112      1385.70
       20110113      1386.90
       20110114      1360.40
       20110118      1368.10
       20110119      1370.20
       20110120      1346.50
       20110121      1341.00
       20110124      1344.50
       20110125      1332.30
       20110126      1333.00
       20110127      1318.40
       20110128      1340.70
       20110131      1333.80
       20110201      1339.60
       20110202      1331.50
       20110203      1352.30
       20110204      1348.30
       20110207      1347.60
       20110208      1363.40
       20110209      1364.80
       20110210      1361.90
       20110211      1359.90
       20110214      1364.60
       20110215      1373.60
       20110216      1374.70
       20110217      1384.70
       20110218      1388.20
       20110222      1400.50
       20110223      1413.40
       20110224      1415.20
       20110225      1408.70
       20110228      1409.30
       20110301      1430.70
       20110302      1437.20
       20110303      1416.00
       20110304      1428.20
       20110307      1434.10
       20110308      1426.90
       20110309      1429.30
       20110310      1412.20
       20110311      1421.50
       20110314      1424.60
       20110315      1392.60
       20110316      1396.00
       20110317      1404.00
       20110318      1415.90
       20110321      1426.20
       20110322      1427.50
       20110323      1437.90
       20110324      1434.80
       20110325      1426.10
       20110328      1419.80
       20110329      1416.20
       20110330      1423.80
       20110331      1438.90
       20110401      1428.10
       20110404      1432.20
       20110405      1451.80
       20110406      1457.70
       20110407      1458.50
       20110408      1473.40
       20110411      1467.40
       20110412      1452.90
       20110413      1454.90
       20110414      1471.70
       20110415      1485.30
       20110418      1492.30
       20110419      1494.50
       20110420      1498.30
       20110421      1503.20
       20110425      1508.60
       20110426      1503.00
       20110427      1516.60
       20110428      1530.80
       20110429      1556.00
       20110502      1556.70
       20110503      1540.10
       20110504      1514.90
       20110505      1480.90
       20110506      1491.20
       20110509      1502.90
       20110510      1516.60
       20110511      1501.10
       20110512      1506.60
       20110513      1493.40
       20110516      1490.40
       20110517      1479.80
       20110518      1495.60
       20110519      1492.20
       20110520      1508.80
       20110523      1515.30
       20110524      1523.20
       20110525      1526.60
       20110526      1522.80
       20110527      1536.30
       20110531      1535.90
       20110601      1542.40
       20110602      1532.00
       20110603      1541.70
       20110606      1546.50
       20110607      1543.30
       20110608      1538.10
       20110609      1542.10
       20110610      1528.60
       20110613      1515.00
       20110614      1523.80
       20110615      1525.60
       20110616      1529.30
       20110617      1538.60
       20110620      1541.50
       20110621      1546.00
       20110622      1552.90
       20110623      1520.10
       20110624      1500.50
       20110627      1496.00
       20110628      1499.70
       20110629      1509.90
       20110630      1502.30
       20110701      1482.30
       20110705      1512.30
       20110706      1528.70
       20110707      1530.20
       20110708      1541.20
       20110711      1548.80
       20110712      1561.90
       20110713      1585.20
       20110714      1589.00
       20110715      1589.80
       20110718      1602.10
       20110719      1600.90
       20110720      1596.70
       20110721      1586.80
       20110722      1601.30
       20110725      1612.00
       20110726      1616.60
       20110727      1615.10
       20110728      1613.40
       20110729      1628.30
       20110801      1619.00
       20110802      1644.50
       20110803      1666.30
       20110804      1659.00
       20110805      1651.80
       20110808      1713.20
       20110809      1743.00
       20110810      1784.30
       20110811      1751.50
       20110812      1742.60
       20110815      1758.00
       20110816      1785.00
       20110817      1793.80
       20110818      1822.00
       20110819      1852.20
       20110822      1891.90
       20110823      1861.30
       20110824      1757.30
       20110825      1763.20
       20110826      1797.30
       20110829      1791.60
       20110830      1829.80
       20110831      1831.70
       20110901      1829.10
       20110902      1876.90
       20110906      1873.30
       20110907      1817.60
       20110908      1857.50
       20110909      1859.50
       20110912      1813.30
       20110913      1830.10
       20110914      1826.50
       20110915      1781.40
       20110916      1814.70
       20110919      1778.90
       20110920      1809.10
       20110921      1808.10
       20110922      1741.70
       20110923      1639.80
       20110926      1594.80
       20110927      1652.50
       20110928      1618.10
       20110929      1617.30
       20110930      1622.30
       20111003      1657.70
       20111004      1616.00
       20111005      1641.60
       20111006      1653.20
       20111007      1635.80
       20111010      1670.80
       20111011      1661.00
       20111012      1682.60
       20111013      1668.50
       20111014      1683.00
       20111017      1676.60
       20111018      1652.80
       20111019      1647.00
       20111020      1612.90
       20111021      1636.10
       20111024      1652.30
       20111025      1700.40
       20111026      1723.50
       20111027      1747.70
       20111028      1747.20
       20111031      1725.20
       20111101      1711.80
       20111102      1729.60
       20111103      1765.10
       20111104      1756.10
       20111107      1791.10
       20111108      1799.20
       20111109      1791.60
       20111110      1759.60
       20111111      1788.10
       20111114      1778.40
       20111115      1782.20
       20111116      1774.30
       20111117      1720.20
       20111118      1725.10
       20111121      1678.60
       20111122      1702.40
       20111123      1695.90
       20111125      1685.70
       20111128      1710.80
       20111129      1713.40
       20111130      1750.30
       20111201      1739.80
       20111202      1751.30
       20111205      1734.50
       20111206      1731.80
       20111207      1744.80
       20111208      1713.40
       20111209      1716.80
       20111212      1668.20
       20111213      1663.10
       20111214      1586.90
       20111215      1577.20
       20111216      1597.90
       20111219      1596.70
       20111220      1617.60
       20111221      1613.60
       20111222      1610.60
       20111223      1606.00
       20111227      1595.50
       20111228      1564.10
       20111229      1540.90
       20111230      1566.80
       20120103      1600.50
       20120104      1612.70
       20120105      1620.10
       20120106      1616.80
       20120109      1608.10
       20120110      1631.50
       20120111      1639.60
       20120112      1647.70
       20120113      1630.80
       20120117      1655.60
       20120118      1659.90
       20120119      1654.50
       20120120      1664.00
       20120123      1678.30
       20120124      1664.50
       20120125      1700.10
       20120126      1726.70
       20120127      1732.20
       20120130      1731.00
       20120131      1737.80
       20120201      1749.50
       20120202      1759.30
       20120203      1740.30
       20120206      1724.90
       20120207      1748.40
       20120208      1731.30
       20120209      1741.20
       20120210      1725.30
       20120213      1724.90
       20120214      1717.70
       20120215      1728.10
       20120216      1728.40
       20120217      1725.90
       20120221      1758.50
       20120222      1771.30
       20120223      1786.30
       20120224      1776.40
       20120227      1774.90
       20120228      1788.40
       20120229      1711.30
       20120301      1722.20
       20120302      1709.80
       20120305      1703.90
       20120306      1672.10
       20120307      1683.90
       20120308      1698.70
       20120309      1711.50
       20120312      1699.80
       20120313      1694.20
       20120314      1642.90
       20120315      1659.50
       20120316      1655.80
       20120319      1667.30
       20120320      1647.00
       20120321      1650.30
       20120322      1642.50
       20120323      1662.40
       20120326      1685.60
       20120327      1684.90
       20120328      1657.90
       20120329      1652.20
       20120330      1671.90
       20120402      1679.70
       20120403      1672.00
       20120404      1614.10
       20120405      1630.10
       20120406      1628.50
       20120409      1643.90
       20120410      1660.70
       20120411      1660.30
       20120412      1680.60
       20120413      1660.20
       20120416      1649.70
       20120417      1651.10
       20120418      1639.60
       20120419      1641.40
       20120420      1642.80
       20120423      1632.60
       20120424      1643.80
       20120425      1642.30
       20120426      1660.50
       20120427      1664.80
       20120430      1664.20
       20120501      1662.40
       20120502      1654.00
       20120503      1634.80
       20120504      1645.20
       20120507      1639.10
       20120508      1604.50
       20120509      1594.20
       20120510      1595.50
       20120511      1584.00
       20120514      1561.00
       20120515      1557.10
       20120516      1536.60
       20120517      1574.90
       20120518      1591.90
       20120521      1622.10
       20120522      1576.60
       20120523      1548.40
       20120524      1557.50
       20120525      1568.90
       20120529      1548.70
       20120530      1563.40
       20120531      1564.20
       20120601      1622.10
       20120604      1613.90
       20120605      1616.90
       20120606      1634.20
       20120607      1588.00
       20120608      1591.40
       20120611      1596.80
       20120612      1613.80
       20120613      1619.40
       20120614      1619.60
       20120615      1628.10
       20120618      1627.00
       20120619      1623.20
       20120620      1615.80
       20120621      1565.50
       20120622      1566.90
       20120625      1588.40
       20120626      1574.90
       20120627      1578.40
       20120628      1550.40
       20120629      1604.20
       20120702      1597.70
       20120703      1621.80
       20120705      1609.40
       20120706      1578.90
       20120709      1589.10
       20120710      1579.80
       20120711      1575.70
       20120712      1565.30
       20120713      1592.00
       20120716      1591.60
       20120717      1589.50
       20120718      1570.80
       20120719      1580.40
       20120720      1582.80
       20120723      1577.40
       20120724      1576.20
       20120725      1608.10
       20120726      1615.10
       20120727      1618.00
       20120730      1619.70
       20120731      1610.50
       20120801      1607.30
       20120802      1590.70
       20120803      1609.30
       20120806      1616.20
       20120807      1612.80
       20120808      1616.00
       20120809      1620.20
       20120810      1622.80
       20120813      1612.60
       20120814      1602.40
       20120815      1606.60
       20120816      1619.20
       20120817      1619.40
       20120820      1623.00
       20120821      1642.90
       20120822      1640.50
       20120823      1672.80
       20120824      1672.90
       20120827      1675.60
       20120828      1669.70
       20120829      1663.00
       20120830      1657.10
       20120831      1687.60
       20120904      1696.00
       20120905      1694.00
       20120906      1705.60
       20120907      1740.50
       20120910      1731.80
       20120911      1734.90
       20120912      1733.70
       20120913      1772.10
       20120914      1772.70
       20120917      1770.60
       20120918      1771.20
       20120919      1771.70
       20120920      1770.20
       20120921      1778.00
       20120924      1764.60
       20120925      1766.40
       20120926      1753.60
       20120927      1780.50
       20120928      1773.90
       20121001      1783.30
       20121002      1775.60
       20121003      1779.80
       20121004      1796.50
       20121005      1780.80
       20121008      1775.70
       20121009      1765.00
       20121010      1765.10
       20121011      1770.60
       20121012      1759.70
       20121015      1737.60
       20121016      1746.30
       20121017      1753.00
       20121018      1744.70
       20121019      1724.00
       20121022      1726.30
       20121023      1709.40
       20121024      1701.60
       20121025      1713.00
       20121026      1711.90
       20121029      1708.70
       20121030      1712.10
       20121031      1719.10
       20121101      1715.50
       20121102      1675.20
       20121105      1683.20
       20121106      1715.00
       20121107      1714.00
       20121108      1726.00
       20121109      1730.90
       20121112      1730.90
       20121113      1724.80
       20121114      1730.10
       20121115      1713.80
       20121116      1714.70
       20121119      1734.40
       20121120      1723.60
       20121121      1728.20
       20121123      1751.40
       20121126      1749.60
       20121127      1742.30
       20121128      1716.50
       20121129      1727.20
       20121130      1712.70
       20121203      1721.10
       20121204      1695.80
       20121205      1693.80
       20121206      1701.80
       20121207      1705.50
       20121210      1714.40
       20121211      1709.60
       20121212      1717.90
       20121213      1696.80
       20121214      1697.00
       20121217      1698.20
       20121218      1670.70
       20121219      1667.70
       20121220      1645.90
       20121221      1660.10
       20121224      1659.50
       20121226      1660.70
       20121227      1663.70
       20121228      1655.90
       20121231      1675.80
