            19190101              4.8605
            19190201              4.6457
            19190301              4.5114
            19190401               4.592
            19190501              4.6188
            19190601              4.9142
            19190701              5.2096
            19190801              5.2902
            19190901              5.1828
            19191001               5.129
            19191101              5.0485
            19191201               5.129
            19200101              5.6124
            19200201              5.6124
            19200301               5.505
            19200401              5.2096
            19200501              5.3439
            19200601              5.3976
            19200701              5.2633
            19200801              5.2902
            19200901              5.1022
            19201001              4.8874
            19201101              4.4846
            19201201               4.216
            19210101              3.9743
            19210201              3.8938
            19210301              3.7864
            19210401              3.7864
            19210501              3.8938
            19210601              3.8669
            19210701              3.8401
            19210801              3.9743
            19210901              4.0012
            19211001              4.2429
            19211101              4.1892
            19211201              4.1623
            19220101              4.3234
            19220201              4.5114
            19220301              4.7531
            19220401               4.592
            19220501              4.8337
            19220601              5.0753
            19220701              5.0753
            19220801              4.9679
            19220901              5.2365
            19221001              5.5319
            19221101              5.7735
            19221201              5.9347
            19230101              5.8004
            19230201              5.8809
            19230301              6.0689
            19230401              6.2032
            19230501              6.2838
            19230601                6.23
            19230701              6.1763
            19230801              6.0689
            19230901              5.9347
            19231001              5.9078
            19231101              5.9078
            19231201              5.7735
            19240101              5.9078
            19240201              6.0152
            19240301              5.9078
            19240401              5.7198
            19240501              5.4781
            19240601              5.2365
            19240701              5.1559
            19240801              5.3439
            19240901              5.5318
            19241001              5.6661
            19241101              5.7735
            19241201              5.9347
            19250101              6.1226
            19250201              6.1226
            19250301              6.1226
            19250401              6.1763
            19250501              6.1495
            19250601              6.0958
            19250701              6.2569
            19250801              6.1495
            19250901              6.0689
            19251001              6.3106
            19251101              6.4449
            19251201              6.5254
            19260101               6.418
            19260201               6.418
            19260301              6.4986
            19260401              6.4986
            19260501              6.4449
            19260601              6.5254
            19260701              6.5523
            19260801              6.6329
            19260901              6.7403
            19261001              6.7403
            19261101              6.7134
            19261201              6.6866
            19270101              6.6597
            19270201              6.7134
            19270301               6.794
            19270401              6.6329
            19270501              6.6866
            19270601              6.6597
            19270701              6.5791
            19270801              6.5791
            19270901              6.4717
            19271001              6.3375
            19271101              6.3375
            19271201              6.3643
            19280101              6.4986
            19280201              6.5523
            19280301               6.606
            19280401              6.5791
            19280501              6.6597
            19280601              6.7134
            19280701               6.794
            19280801              6.9282
            19280901              6.9819
            19281001              7.1162
            19281101              7.2505
            19281201              7.3848
            19290101              7.4922
            19290201              7.4653
            19290301              7.4922
            19290401              7.6264
            19290501              7.7607
            19290601              7.8144
            19290701              7.9218
            19290801              7.8413
            19290901              7.7876
            19291001              7.6533
            19291101              7.2773
            19291201              6.9551
            19300101              6.9551
            19300201              6.9282
            19300301              6.8208
            19300401              6.7671
            19300501              6.6597
            19300601              6.4717
            19300701              6.1763
            19300801              6.0421
            19300901              5.9347
            19301001              5.7735
            19301101              5.6393
            19301201               5.505
            19310101              5.4781
            19310201               5.505
            19310301              5.6124
            19310401              5.6393
            19310501              5.5587
            19310601              5.4244
            19310701              5.3439
            19310801              5.1559
            19310901              4.9142
            19311001              4.7262
            19311101              4.6725
            19311201              4.6457
            19320101              4.5114
            19320201               4.404
            19320301              4.3503
            19320401              4.0549
            19320501              3.9206
            19320601              3.7864
            19320701               3.679
            19320801              3.7864
            19320901              4.0281
            19321001              4.1623
            19321101              4.1623
            19321201              4.0818
            19330101              4.0012
            19330201               4.028
            19330301              3.7864
            19330401              4.0549
            19330501              4.7262
            19330601              5.4513
            19330701              5.9615
            19330801              5.7198
            19330901              5.3976
            19331001               5.129
            19331101              4.8337
            19331201              4.8605
            19340101              5.0216
            19340201              5.2633
            19340301               5.505
            19340401               5.505
            19340501              5.6124
            19340601               5.505
            19340701               5.129
            19340801              5.0753
            19340901                4.78
            19341001              4.9948
            19341101              5.0485
            19341201              5.3707
            19350101              5.8004
            19350201              5.9078
            19350301               5.881
            19350401              5.7735
            19350501              5.7735
            19350601              5.8541
            19350701              5.8541
            19350801              6.0689
            19350901                6.23
            19351001               6.418
            19351101              6.5523
            19351201              6.6328
            19360101              6.5254
            19360201              6.3643
            19360301              6.4449
            19360401              6.8477
            19360501               6.982
            19360601              7.1162
            19360701              7.2505
            19360801              7.3579
            19360901              7.4922
            19361001              7.5996
            19361101              7.8144
            19361201              8.0561
            19370101              8.0292
            19370201              8.1367
            19370301              8.3246
            19370401              8.3246
            19370501              8.3515
            19370601              8.2441
            19370701              8.2978
            19370801              8.2441
            19370901              7.9755
            19371001              7.3848
            19371101              6.6597
            19371201              6.0689
            19380101              5.9347
            19380201              5.8809
            19380301              5.8809
            19380401              5.7735
            19380501              5.6393
            19380601               5.693
            19380701              6.0152
            19380801              6.3375
            19380901              6.5254
            19381001              6.6866
            19381101              6.9551
            19381201              7.0357
            19390101              7.0357
            19390201              7.0894
            19390301              7.1162
            19390401              7.0894
            19390501              7.0625
            19390601              7.2236
            19390701              7.4385
            19390801              7.5459
            19390901              8.0024
            19391001              8.4052
            19391101                8.62
            19391201                8.62
            19400101              8.5126
            19400201              8.2441
            19400301              8.0561
            19400401              8.2172
            19400501              8.4589
            19400601              8.7274
            19400701              8.8349
            19400801              8.8886
            19400901              9.0765
            19401001              9.2108
            19401101              9.4256
            19401201              9.7479
            19410101              9.9896
            19410201             10.2849
            19410301             10.6072
            19410401              10.634
            19410501             11.1174
            19410601              11.198
            19410701             11.3322
            19410801             11.4665
            19410901             11.4665
            19411001             11.5739
            19411101             11.6276
            19411201             11.8156
            19420101             12.0573
            19420201             12.2721
            19420301             12.4064
            19420401             12.0573
            19420501             12.0841
            19420601              12.111
            19420701             12.4064
            19420801             12.7823
            19420901             13.0777
            19421001             13.5074
            19421101             13.8296
            19421201             14.1519
            19430101             14.2862
            19430201             14.6621
            19430301             14.7695
            19430401             14.9575
            19430501             15.0649
            19430601             14.9843
            19430701             15.4408
            19430801             15.7631
            19430901             16.1659
            19431001             16.4076
            19431101             16.6224
            19431201             16.4076
            19440101             16.5956
            19440201             16.7298
            19440301              16.703
            19440401              16.703
            19440501             16.5956
            19440601             16.5419
            19440701              16.515
            19440801             16.7298
            19440901             16.6224
            19441001             16.6761
            19441101             16.5418
            19441201             16.4881
            19450101              16.327
            19450201             16.2733
            19450301             16.1659
            19450401             15.8705
            19450501             15.4409
            19450601             15.0918
            19450701             14.7427
            19450801              13.212
            19450901             12.0304
            19451001             11.5471
            19451101             11.9767
            19451201             12.0304
            19460101             11.3591
            19460201             10.7952
            19460301              11.923
            19460401             11.7082
            19460501             11.2785
            19460601             11.9767
            19460701             12.3795
            19460801              12.836
            19460901             13.0777
            19461001             13.3194
            19461101                13.4
            19461201             13.4805
            19470101             13.6417
            19470201             13.7222
            19470301             13.8028
            19470401             13.6954
            19470501             13.7491
            19470601             13.7491
            19470701             13.6685
            19470801             13.7491
            19470901             13.8565
            19471001             13.9908
            19471101             14.1787
            19471201             14.2324
            19480101              14.313
            19480201             14.3399
            19480301             14.1787
            19480401             14.2056
            19480501             14.4473
            19480601             14.6352
            19480701             14.6352
            19480801             14.5815
            19480901             14.4741
            19481001             14.5815
            19481101             14.3936
            19481201             14.2593
            19490101              14.125
            19490201             13.9908
            19490301             13.7222
            19490401             13.6417
            19490501             13.4537
            19490601             13.4268
            19490701                13.4
            19490801             13.5342
            19490901             13.6685
            19491001             13.1583
            19491101             13.5074
            19491201             13.7491
            19500101             13.9908
            19500201             14.0445
            19500301              14.501
            19500401             14.9843
            19500501             15.3334
            19500601               15.79
            19500701             16.3002
            19500801             16.8104
            19500901              16.703
            19501001             16.8104
            19501101             16.7835
            19501201             17.0789
            19510101             17.1326
            19510201             17.2401
            19510301             17.3206
            19510401             17.3475
            19510501             17.2938
            19510601             17.2132
            19510701             16.9447
            19510801             16.7835
            19510901              16.891
            19511001             16.8641
            19511101             16.9984
            19511201             17.1058
            19520101             17.2937
            19520201             17.4012
            19520301             17.4549
            19520401             17.2937
            19520501             17.1326
            19520601             16.9715
            19520701              16.703
            19520801             17.7771
            19520901             18.4216
            19521001             18.6096
            19521101             18.9855
            19521201             19.0929
            19530101             19.1466
            19530201             19.2541
            19530301             19.4152
            19530401             19.4958
            19530501             19.6032
            19530601             19.5226
            19530701             19.7643
            19530801             19.6569
            19530901             19.2541
            19531001             19.0929
            19531101             18.6364
            19531201             18.1799
            19540101             18.0456
            19540201             18.0994
            19540301             17.9919
            19540401             17.8845
            19540501             17.9919
            19540601             18.0457
            19540701             18.0725
            19540801             18.0456
            19540901             18.0725
            19541001             18.2874
            19541101             18.5827
            19541201             18.8244
            19550101             19.2541
            19550201             19.4958
            19550301             19.9523
            19550401              20.194
            19550501             20.5162
            19550601             20.5431
            19550701             20.7042
            19550801             20.6773
            19550901             20.8116
            19551001             21.1607
            19551101             21.2144
            19551201             21.2949
            19560101             21.4292
            19560201             21.2413
            19560301             21.2412
            19560401             21.4024
            19560501             21.2144
            19560601             21.0264
            19560701             20.3819
            19560801             21.2144
            19560901             21.6978
            19561001             21.8857
            19561101             21.6978
            19561201               22.02
            19570101             21.9394
            19570201             22.1543
            19570301             22.1274
            19570401              21.832
            19570501             21.7515
            19570601             21.8052
            19570701             21.9394
            19570801             21.9394
            19570901             21.7515
            19571001             21.4292
            19571101              20.919
            19571201             20.5162
            19580101             20.1402
            19580201             19.7106
            19580301             19.4689
            19580401             19.1467
            19580501             19.3346
            19580601             19.8449
            19580701             20.1402
            19580801              20.543
            19580901              20.731
            19581001             20.9727
            19581101             21.5904
            19581201             21.6172
            19590101             21.9394
            19590201             22.3691
            19590301             22.6913
            19590401             23.1747
            19590501             23.5238
            19590601             23.5507
            19590701             22.9867
            19590801              22.208
            19590901             22.1811
            19591001               22.02
            19591101             22.1543
            19591201             23.5238
            19600101             24.1414
            19600201             23.9266
            19600301             23.7118
            19600401             23.5238
            19600501              23.497
            19600601             23.2016
            19600701              23.121
            19600801             23.0941
            19600901             22.8525
            19601001             22.8256
            19601101             22.5034
            19601201             22.0737
            19610101             22.1006
            19610201             22.0737
            19610301              22.208
            19610401             22.6645
            19610501             23.0136
            19610601             23.3358
            19610701             23.6044
            19610801             23.8192
            19610901             23.7924
            19611001             24.2489
            19611101             24.6248
            19611201             24.8396
            19620101             24.6248
            19620201             25.0276
            19620301             25.1619
            19620401             25.2156
            19620501             25.1887
            19620601              25.135
            19620701             25.3767
            19620801             25.4036
            19620901             25.5647
            19621001             25.5915
            19621101             25.6989
            19621201              25.699
            19630101             25.8869
            19630201             26.1823
            19630301             26.3435
            19630401             26.5851
            19630501             26.9074
            19630601             26.9879
            19630701             26.8805
            19630801             26.9342
            19630901             27.2028
            19631001             27.3907
            19631101              27.525
            19631201             27.4713
            19640101              27.713
            19640201              27.901
            19640301              27.901
            19640401             28.3575
            19640501             28.5186
            19640601             28.5992
            19640701             28.7871
            19640801             28.9751
            19640901             29.0825
            19641001             28.6797
            19641101             29.5659
            19641201              29.915
            19650101             30.2372
            19650201             30.4252
            19650301              30.828
            19650401             30.9623
            19650501              31.204
            19650601             31.4456
            19650701              31.741
            19650801             31.8753
            19650901             31.9559
            19651001             32.2781
            19651101             32.4124
            19651201             32.8152
            19660101             33.1374
            19660201             33.3523
            19660301             33.8088
            19660401             33.8625
            19660501             34.1847
            19660601             34.3458
            19660701             34.5338
            19660801             34.5607
            19660901             34.8829
            19661001             35.1246
            19661101             34.8829
            19661201             34.9635
            19670101             35.1284
            19670201               34.73
            19670301             34.5342
            19670401             34.8599
            19670501             34.5558
            19670601             34.5515
            19670701             34.4728
            19670801             35.1332
            19670901             35.0762
            19671001             35.3619
            19671101             35.8676
            19671201             36.2539
            19680101             36.2149
            19680201             36.3447
            19680301             36.4581
            19680401             36.5109
            19680501             36.9204
            19680601              37.056
            19680701             36.9992
            19680801             37.1025
            19680901              37.243
            19681001             37.3169
            19681101             37.7996
            19681201              37.919
            19690101             38.1484
            19690201             38.3925
            19690301             38.6936
            19690401             38.5512
            19690501             38.4055
            19690601             38.7807
            19690701             38.9854
            19690801              39.075
            19690901             39.0662
            19691001             39.0777
            19691101             38.7093
            19691201             38.6054
            19700101             37.8906
            19700201             37.8656
            19700301             37.8164
            19700401             37.7192
            19700501             37.6752
            19700601             37.5534
            19700701             37.6456
            19700801             37.5785
            19700901             37.3194
            19701001             36.5729
            19701101             36.3514
            19701201             37.1862
            19710101             37.4722
            19710201             37.4008
            19710301             37.3603
            19710401             37.5701
            19710501             37.7608
            19710601             37.9191
            19710701             37.8091
            19710801             37.5896
            19710901             38.2005
            19711001             38.4865
            19711101             38.6498
            19711201              39.096
            19720101             40.0366
            19720201             40.4106
            19720301             40.7166
            19720401             41.1331
            19720501             41.1169
            19720601             41.2277
            19720701             41.2156
            19720801             41.7568
            19720901             42.0634
            19721001             42.6444
            19721101             43.1437
            19721201             43.6363
            19730101              43.935
            19730201             44.5965
            19730301             44.6051
            19730401             44.5285
            19730501             44.8198
            19730601             44.8416
            19730701             45.0375
            19730801             44.9582
            19730901             45.3602
            19731001             45.6748
            19731101             45.8995
            19731201             45.7826
            19740101             45.4571
            19740201             45.3244
            19740301             45.3185
            19740401             45.2008
            19740501             45.5261
            19740601             45.4993
            19740701             45.4944
            19740801             45.0631
            19740901             45.0971
            19741001             44.9307
            19741101             43.4493
            19741201             41.9102
            19750101             41.3541
            19750201             40.3934
            19750301             39.9738
            19750401             39.9894
            19750501             39.9037
            19750601              40.181
            19750701             40.6075
            19750801             40.9685
            19750901             41.4881
            19751001             41.6488
            19751101              41.758
            19751201             42.2782
            19760101             42.8986
            19760201             43.3025
            19760301             43.3471
            19760401             43.6001
            19760501             43.8063
            19760601             43.8105
            19760701             44.0631
            19760801             44.3675
            19760901             44.4946
            19761001             44.5257
            19761101             45.1865
            19761201             45.6449
            19770101             45.3849
            19770201             46.0537
            19770301             46.6254
            19770401             47.0805
            19770501             47.4718
            19770601             47.8266
            19770701             47.8995
            19770801             47.9211
            19770901               48.15
            19771001             48.2814
            19771101             48.2984
            19771201             48.3563
            19780101             47.7012
            19780201             47.9462
            19780301             48.8652
            19780401             49.8332
            19780501             50.0241
            19780601             50.3739
            19780701             50.3567
            19780801              50.549
            19780901             50.6873
            19781001              51.107
            19781101             51.4706
            19781201             51.7636
            19790101             51.4172
            19790201             51.7119
            19790301             51.8729
            19790401             51.3136
            19790501             51.7058
            19790601             51.7186
            19790701             51.6257
            19790801             51.2791
            19790901             51.3539
            19791001             51.6336
            19791101              51.581
            19791201             51.6193
            19800101             51.8379
            19800201             51.8795
            19800301             51.7177
            19800401             50.6891
            19800501             49.4292
            19800601             48.8248
            19800701             48.4916
            19800801             48.6382
            19800901             49.4248
            19801001             50.0471
            19801101             50.9164
            19801201             51.2129
            19810101             50.9245
            19810201             50.6868
            19810301              50.952
            19810401             50.7365
            19810501             51.0459
            19810601             51.2824
            19810701             51.5993
            19810801             51.6053
            19810901             51.2813
            19811001             50.9184
            19811101             50.3612
            19811201             49.8013
            19820101             48.8162
            19820201             49.7716
            19820301             49.4063
            19820401             48.9813
            19820501             48.6756
            19820601             48.5142
            19820701             48.3535
            19820801             47.9622
            19820901             47.7904
            19821001             47.3848
            19821101             47.2048
            19821201             46.8538
            19830101             47.7547
            19830201             47.4638
            19830301             47.8625
            19830401             48.4322
            19830501              48.776
            19830601             49.0398
            19830701             49.7891
            19830801             50.3334
            19830901               51.09
            19831001             51.5094
            19831101             51.6723
            19831201             51.9276
            19840101             52.9855
            19840201             53.2472
            19840301             53.4899
            19840401             53.8194
            19840501             54.0873
            19840601             54.2774
            19840701             54.4653
            19840801             54.4958
            19840901             54.4133
            19841001             54.3398
            19841101             54.5448
            19841201             54.6039
            19850101             54.4731
            19850201             54.7053
            19850301             54.7653
            19850401             54.6532
            19850501             54.7041
            19850601             54.7428
            19850701             54.3679
            19850801             54.5982
            19850901             54.8353
            19851001             54.6154
            19851101             54.8013
            19851201             55.3694
            19860101             55.6384
            19860201             55.2301
            19860301             54.8869
            19860401              54.922
            19860501             55.0222
            19860601              54.845
            19860701             55.1881
            19860801             55.0737
            19860901             55.1761
            19861001             55.4285
            19861101             55.6897
            19861201             56.1765
            19870101             55.9899
            19870201             56.7106
            19870301              56.804
            19870401             57.1561
            19870501             57.5384
            19870601             57.8381
            19870701             58.1952
            19870801             58.6234
            19870901              58.789
            19871001             59.6711
            19871101             59.9881
            19871201              60.265
            19880101             60.2976
            19880201             60.5406
            19880301             60.6879
            19880401             61.0017
            19880501             60.9577
            19880601             61.1043
            19880701             61.1806
            19880801             61.4564
            19880901             61.2286
            19881001             61.5528
            19881101             61.6617
            19881201             61.9242
            19890101                62.1
            19890201             61.8299
            19890301             62.0048
            19890401             62.0213
            19890501             61.6105
            19890601             61.6518
            19890701             61.0576
            19890801             61.5919
            19890901             61.4228
            19891001              61.361
            19891101              61.539
            19891201             61.9024
            19900101             61.5534
            19900201             62.1122
            19900301             62.4351
            19900401             62.3542
            19900501             62.4748
            19900601             62.6733
            19900701             62.6147
            19900801             62.7649
            19900901             62.8974
            19901001             62.4105
            19901101             61.6631
            19901201             61.2273
            19910101             60.9634
            19910201             60.5672
            19910301             60.2532
            19910401             60.3484
            19910501             60.9695
            19910601             61.5723
            19910701              61.553
            19910801             61.6333
            19910901             62.1757
            19911001             62.0364
            19911101             61.9567
            19911201             61.7426
            19920101             61.3536
            19920201              61.826
            19920301             62.3277
            19920401             62.7799
            19920501             63.0001
            19920601             63.0058
            19920701             63.5448
            19920801             63.2376
            19920901             63.3679
            19921001             63.8433
            19921101             64.0962
            19921201             64.1093
            19930101             64.4234
            19930201             64.6576
            19930301             64.6362
            19930401             64.8425
            19930501             64.6133
            19930601             64.7686
            19930701             64.9695
            19930801             64.9561
            19930901             65.2683
            19931001             65.7433
            19931101              66.007
            19931201             66.3443
            19940101             66.6148
            19940201             66.6423
            19940301             67.3365
            19940401             67.6783
            19940501             68.0514
            19940601             68.5111
            19940701             68.6287
            19940801             69.0084
            19940901             69.1779
            19941001             69.7608
            19941101             70.1909
            19941201             70.9527
            19950101             71.1395
            19950201               71.12
            19950301             71.2375
            19950401             71.1802
            19950501             71.3506
            19950601             71.5971
            19950701             71.3228
            19950801             72.2719
            19950901             72.5495
            19951001              72.417
            19951101             72.5863
            19951201             72.8397
            19960101             72.3583
            19960201             73.5009
            19960301              73.402
            19960401             74.0571
            19960501              74.575
            19960601             75.2617
            19960701             75.1819
            19960801             75.6653
            19960901             76.0611
            19961001             76.0523
            19961101             76.6693
            19961201             77.1534
            19970101             77.2352
            19970201             78.1589
            19970301             78.7709
            19970401             78.7963
            19970501             79.3434
            19970601             79.7184
            19970701             80.1964
            19970801              81.274
            19970901             81.9885
            19971001             82.5336
            19971101             83.2629
            19971201               83.57
            19980101              83.975
            19980201             84.0245
            19980301             84.0895
            19980401             84.3978
            19980501             84.9846
            19980601              84.512
            19980701             84.1351
            19980801             85.9416
            19980901             85.6633
            19981001             86.3256
            19981101             86.2564
            19981201             86.5583
            19990101             86.9392
            19990201             87.3052
            19990301             87.4957
            19990401             87.6981
            19990501             88.3532
            19990601             88.2127
            19990701             88.7903
            19990801             89.1769
            19990901             88.9229
            19991001             90.0556
            19991101             90.4979
            19991201             91.2144
            20000101             91.3003
            20000201             91.6338
            20000301              92.001
            20000401             92.5724
            20000501             92.7012
            20000601             92.7786
            20000701             92.5586
            20000801             92.3195
            20000901             92.7587
            20001001             92.3431
            20001101             92.3405
            20001201              92.046
            20010101             91.3911
            20010201             90.8202
            20010301             90.5558
            20010401             90.3198
            20010501             89.6483
            20010601             89.0779
            20010701              88.674
            20010801              88.449
            20010901             88.1514
            20011001             87.7031
            20011101             87.2363
            20011201             87.2539
            20020101             87.7665
            20020201             87.7367
            20020301             88.4206
            20020401             88.7642
            20020501              89.267
            20020601             90.1089
            20020701             89.7996
            20020801             89.9376
            20020901             89.9938
            20021001             89.6757
            20021101             90.1424
            20021201              89.662
            20030101             90.3606
            20030201             90.6969
            20030301               90.54
            20030401             89.7862
            20030501             89.7988
            20030601             89.8305
            20030701             90.1022
            20030801             90.0256
            20030901              90.552
            20031001             90.4909
            20031101             91.1972
            20031201             91.1677
            20040101             91.4129
            20040201             91.9478
            20040301             91.4088
            20040401             91.8053
            20040501             92.4737
            20040601             91.6612
            20040701              92.333
            20040801               92.58
            20040901             92.5496
            20041001             93.4621
            20041101             93.6507
            20041201             94.2834
            20050101             94.7802
            20050201             95.3804
            20050301             95.3013
            20050401             95.3483
            20050501             95.5193
            20050601             95.8865
            20050701             95.7483
            20050801             95.8894
            20050901             93.9872
            20051001              95.163
            20051101             96.0617
            20051201             96.6672
            20060101             96.7924
            20060201             96.8809
            20060301             97.0768
            20060401             97.5199
            20060501             97.3547
            20060601             97.7055
            20060701             97.8175
            20060801             98.0079
            20060901             97.8451
            20061001             97.7651
            20061101             97.6484
            20061201             98.6644
            20070101             98.2311
            20070201             99.3974
            20070301             99.3941
            20070401            100.1649
            20070501            100.1037
            20070601             100.097
            20070701            100.1781
            20070801            100.2117
            20070901            100.7018
            20071001            100.1437
            20071101            100.6346
            20071201             100.742
            20080101             100.437
            20080201            100.2821
            20080301             99.9291
            20080401             99.1459
            20080501             98.6404
            20080601             98.3635
            20080701              97.897
            20080801             96.2339
            20080901              92.264
            20081001             93.0181
            20081101             91.8795
            20081201             89.3744
            20090101             87.3778
            20090201             86.8767
            20090301             85.4401
            20090401             84.7067
            20090501             83.8149
            20090601             83.4577
            20090701             84.2633
            20090801              85.142
            20090901             85.6805
            20091001             85.8546
            20091101             86.1649
            20091201             86.5639
            20100101             87.4142
            20100201             87.7686
            20100301             88.3369
            20100401             88.6987
            20100501             90.0893
            20100601             90.2423
            20100701             90.8695
            20100801             91.0646
            20100901             91.4408
            20101001             91.0978
            20101101              91.364
            20101201             92.3987
            20110101             92.4721
            20110201             92.2938
            20110301             93.0542
            20110401             92.6332
            20110501             92.9421
            20110601             93.0705
            20110701             93.9305
            20110801             94.1845
            20110901               94.38
            20111001             94.9389
            20111101             95.1217
            20111201              95.939
            20120101             96.5925
            20120201             97.0514
            20120301             96.4111
            20120401             97.1769
            20120501             97.2841
            20120601             97.4101
            20120701             98.0398