                    19891201            677.655
                    19900101            686.184
                    19900201            692.474
                    19900301            700.495
                    19900401            708.762
                    19900501            711.848
                    19900601            718.071
                    19900701            718.745
                    19900801            718.259
                    19900901            717.874
                    19901001            717.761
                    19901101            717.030
                    19901201            718.575
                    19910101            720.825
                    19910201            723.971
                    19910301            727.732
                    19910401            728.357
                    19910501            727.991
                    19910601            727.972
                    19910701            731.764
                    19910801            733.905
                    19910901            744.179
                    19911001            753.540
                    19911101            757.437
                    19911201            761.681
                    19920101            767.091
                    19920201            769.933
                    19920301            775.675
                    19920401            783.005
                    19920501            787.353
                    19920601            793.600
                    19920701            789.927
                    19920801            792.562
                    19920901            788.761
                    19921001            786.791
                    19921101            787.095
                    19921201            791.746
                    19930101            794.872
                    19930201            799.253
                    19930301            796.417
                    19930401            798.614
                    19930501            803.195
                    19930601            805.914
                    19930701            809.581
                    19930801            811.941
                    19930901            811.843
                    19931001            813.450
                    19931101            809.790
                    19931201            812.570
                    19940101            813.545
                    19940201            812.242
                    19940301            810.687
                    19940401            811.710
                    19940501            809.791
                    19940601            809.864
                    19940701            808.390
                    19940801            806.830
                    19940901            803.691
                    19941001            801.975
                    19941101            799.455
                    19941201            794.814
                    19950101            793.075
                    19950201            793.195
                    19950301            781.813
                    19950401            770.610
                    19950501            764.432
                    19950601            763.882
                    19950701            760.045
                    19950801            767.422
                    19950901            772.040
                    19951001            767.195
                    19951101            769.781
                    19951201            771.305
                    19960101            787.133
                    19960201            780.115
                    19960301            781.314
                    19960401            780.418
                    19960501            780.859
                    19960601            798.450
                    19960701            813.032
                    19960801            817.523
                    19960901            822.400
                    19961001            828.236
                    19961101            830.563
                    19961201            841.919
                    19970101            854.071
                    19970201            868.395
                    19970301            882.619
                    19970401            895.568
                    19970501            894.667
                    19970601            891.405
                    19970701            893.091
                    19970801            898.710
                    19970901            912.505
                    19971001            929.418
                    19971101            1035.22
                    19971201            1496.90
                    19980101            1707.30
                    19980201            1628.42
                    19980301            1489.36
                    19980401            1391.55
                    19980501            1399.05
                    19980601            1397.77
                    19980701            1295.76
                    19980801            1314.29
                    19980901            1375.54
                    19981001            1344.14
                    19981101            1294.01
                    19981201            1213.22
                    19990101            1175.11
                    19990201            1188.84
                    19990301            1229.72
                    19990401            1209.96
                    19990501            1197.92
                    19990601            1168.91
                    19990701            1189.10
                    19990801            1198.31
                    19990901            1201.00
                    19991001            1205.29
                    19991101            1176.98
                    19991201            1136.80
                    20000101            1130.99
                    20000201            1129.75
                    20000301            1116.39
                    20000401            1110.32
                    20000501            1119.49
                    20000601            1117.94
                    20000701            1115.08
                    20000801            1114.47
                    20000901            1117.57
                    20001001            1131.10
                    20001101            1156.54
                    20001201            1216.94
                    20010101            1272.63
                    20010201            1252.85
                    20010301            1291.41
                    20010401            1327.76
                    20010501            1298.90
                    20010601            1295.05
                    20010701            1305.24
                    20010801            1285.65
                    20010901            1293.83
                    20011001            1302.36
                    20011101            1282.10
                    20011201            1292.29
                    20020101            1316.34
                    20020201            1320.55
                    20020301            1322.90
                    20020401            1318.09
                    20020501            1262.20
                    20020601            1219.70
                    20020701            1179.99
                    20020801            1197.51
                    20020901            1211.61
                    20021001            1240.19
                    20021101            1210.20
                    20021201            1206.61
                    20030101            1176.45
                    20030201            1190.37
                    20030301            1237.20
                    20030401            1231.10
                    20030501            1201.23
                    20030601            1194.14
                    20030701            1181.16
                    20030801            1178.60
                    20030901            1165.40
                    20031001            1169.34
                    20031101            1186.39
                    20031201            1192.34
                    20040101            1183.35
                    20040201            1167.53
                    20040301            1166.29
                    20040401            1152.86
                    20040501            1177.88
                    20040601            1159.02
                    20040701            1158.70
                    20040801            1158.03
                    20040901            1148.72
                    20041001            1141.57
                    20041101            1086.44
                    20041201            1050.37
                    20050101            1037.98
                    20050201            1023.11
                    20050301            1007.78
                    20050401            1010.07
                    20050501            1001.84
                    20050601            1012.46
                    20050701            1036.56
                    20050801            1021.68
                    20050901            1029.84
                    20051001            1045.88
                    20051101            1040.76
                    20051201            1022.38
                    20060101            981.435
                    20060201            969.845
                    20060301            974.711
                    20060401            952.595
                    20060501            940.817
                    20060601            954.450
                    20060701            950.810
                    20060801            960.952
                    20060901            952.290
                    20061001            952.643
                    20061101            935.414
                    20061201            924.980
                    20070101            936.762
                    20070201            936.900
                    20070301            942.884
                    20070401            930.691
                    20070501            927.564
                    20070601            927.867
                    20070701            918.119
                    20070801            934.485
                    20070901            928.595
                    20071001            914.944
                    20071101            918.810
                    20071201            931.095
                    20080101            942.057
                    20080201            944.005
                    20080301            981.735
                    20080401            986.864
                    20080501            1034.13
                    20080601            1031.49
                    20080701            1015.05
                    20080801            1046.11
                    20080901            1134.87
                    20081001            1329.19
                    20081101            1398.70
                    20081201            1361.57
                    20090101            1354.40
                    20090201            1439.58
                    20090301            1449.62
                    20090401            1332.13
                    20090501            1254.35
                    20090601            1259.29
                    20090701            1259.67
                    20090801            1239.00
                    20090901            1211.86
                    20091001            1173.74
                    20091101            1162.84
                    20091201            1163.31
                    20100101            1138.19
                    20100201            1155.66
                    20100301            1136.08
                    20100401            1115.46
                    20100501            1164.84
                    20100601            1214.11
                    20100701            1203.81
                    20100801            1179.52
                    20100901            1159.93
                    20101001            1121.94
                    20101101            1129.62
                    20101201            1145.48
                    20110101            1118.87
                    20110201            1117.44
                    20110301            1119.27
                    20110401            1083.18
                    20110501            1084.36
                    20110601            1080.45
                    20110701            1057.43
                    20110801            1073.89
                    20110901            1121.91
                    20111001            1150.69
                    20111101            1133.48
                    20111201            1148.13
                    20120101            1140.33
                    20120201            1122.69
                    20120301            1126.17
                    20120401            1135.02
                    20120501            1156.69
                    20120601            1163.39
                    20120701            1142.28
                    20120801            1131.75
                    20120901            1122.99
                    20121001            1105.38
                    20121101            1086.95
                    20121201            1075.22
                    20130101            1066.52
                    20130201            1087.31
                    20130301            1102.87
                    20130401            1120.90
                    20130501            1111.49
                    20130601            1135.01
                    20130701            1125.03
                    20130801            1115.94
                    20130901            1082.31
                    20131001            1065.86
                    20131101            1061.56
                    20131201            1055.63
                    20140101            1067.13
                    20140201            1071.31
                    20140301            1070.49
                    20140401            1042.64
                    20140501            1024.79
                    20140601            1018.74
                    20140701            1021.03
                    20140801            1024.55
                    20140901            1035.89
                    20141001            1060.34
                    20141101            1097.87
                    20141201            1102.62
                    20150101            1088.13
                    20150201            1101.46
                    20150301            1112.90
                    20150401            1084.67
                    20150501            1092.64
                    20150601            1112.88
                    20150701            1146.55
                    20150801            1178.14
                    20150901            1184.33
                    20151001            1143.20
                    20151101            1153.47
                    20151201            1169.95
                    20160101            1203.32
                    20160201            1216.23
                    20160301            1181.57
                    20160401            1145.80
                    20160501            1173.79
                    20160601            1165.20
                    20160701            1140.87
                    20160801            1110.02
                    20160901            1108.36
                    20161001            1128.17
                    20161101            1162.71
                    20161201            1183.07
                    20170101            1179.11
                    20170201            1140.49
                    20170301            1133.86
                    20170401            1134.18
