          20050103              115.36
          20050104              114.77
          20050105              114.65
          20050106              112.94
          20050107              112.71
          20050110              113.27
          20050111              114.66
          20050112              114.09
          20050113              115.01
          20050114              117.82
          20050117              119.91
          20050118               119.5
          20050119               118.9
          20050120              118.02
          20050121               119.4
          20050124              119.83
          20050125              118.91
          20050126              120.51
          20050127              120.16
          20050128              119.65
          20050131              121.06
          20050201                 120
          20050202              119.74
          20050203              120.64
          20050204               121.3
          20050207               123.2
          20050211              122.84
          20050214              124.94
          20050215              125.48
          20050216              125.85
          20050217              125.93
          20050218              127.43
          20050221              128.09
          20050222              126.74
          20050223              125.53
          20050224              127.81
          20050225              129.13
          20050228              130.85
          20050302              130.13
          20050303              130.61
          20050304              130.61
          20050307              130.11
          20050308              129.21
          20050309              130.26
          20050310              128.76
          20050311              131.97
          20050314              131.47
          20050315              127.95
          20050316              128.16
          20050317              126.68
          20050318              126.82
          20050321              126.84
          20050322              126.87
          20050323              125.16
          20050324               123.8
          20050325              125.07
          20050328              126.72
          20050329              124.13
          20050330              123.49
          20050331              124.78
          20050401              126.88
          20050404              127.22
          20050406              127.85
          20050407              127.92
          20050408              128.44
          20050411              127.59
          20050412              127.24
          20050413              127.28
          20050414              123.29
          20050415              122.41
          20050418              119.76
          20050419               120.5
          20050420              121.05
          20050421              121.31
          20050422              121.36
          20050425              122.08
          20050426              121.92
          20050427              119.96
          20050428              118.36
          20050429              117.58
          20050502              118.46
          20050503              117.89
          20050504              119.95
          20050506              121.26
          20050509              120.48
          20050510               120.4
          20050511              119.02
          20050512              118.69
          20050513              118.87
          20050516              119.65
          20050517              119.51
          20050518              120.08
          20050519              123.04
          20050520              123.02
          20050523              122.87
          20050524              122.91
          20050525              121.37
          20050526               121.7
          20050527              123.89
          20050530              124.64
          20050531              124.84
          20050601               124.9
          20050602              125.04
          20050603               125.7
          20050607              124.79
          20050608              125.62
          20050609              127.22
          20050610              127.68
          20050613              127.65
          20050614               126.9
          20050615              129.27
          20050616              129.27
          20050617              129.33
          20050620              128.16
          20050621              127.66
          20050622              129.24
          20050623              130.38
          20050624              129.08
          20050627              127.45
          20050628              127.92
          20050629              128.41
          20050630              129.43
          20050701              130.59
          20050704              130.94
          20050705              130.54
          20050706              130.65
          20050707              131.72
          20050708              131.28
          20050711              133.88
          20050712              134.26
          20050713              135.25
          20050714              136.97
          20050715              136.47
          20050718              136.78
          20050719              138.66
          20050720              138.57
          20050721              138.62
          20050722              138.37
          20050725              140.55
          20050726              140.53
          20050727              140.72
          20050728              142.38
          20050729              143.32
          20050801              143.96
          20050802               144.3
          20050803              144.21
          20050804              143.52
          20050805              140.69
          20050808              140.49
          20050809              142.11
          20050810              142.69
          20050811              145.35
          20050812              146.04
          20050816               144.3
          20050817              143.87
          20050818              141.16
          20050819              140.68
          20050822               144.4
          20050823              144.27
          20050824              141.27
          20050825              141.75
          20050826              140.36
          20050829              137.41
          20050830              138.68
          20050831              140.09
          20050901              143.13
          20050902               144.3
          20050905              144.06
          20050906              145.21
          20050907              147.94
          20050908              148.41
          20050909              149.34
          20050912              150.13
          20050913              150.29
          20050914              152.03
          20050915              151.99
          20050916              152.55
          20050920              154.69
          20050921              155.34
          20050922              155.71
          20050923              152.38
          20050926              156.38
          20050927              156.52
          20050928              158.88
          20050929              159.06
          20050930              157.55
          20051004              160.43
          20051005               158.1
          20051006              154.65
          20051007               154.4
          20051010              157.82
          20051011              160.06
          20051012              156.33
          20051013              152.85
          20051014              152.47
          20051017              150.85
          20051018              152.26
          20051019              148.11
          20051020              149.41
          20051021              152.22
          20051024              152.27
          20051025              151.76
          20051026              151.44
          20051027              149.88
          20051028              146.55
          20051031              148.84
          20051101              152.97
          20051102               155.6
          20051103              156.88
          20051104              157.28
          20051107              156.75
          20051108              157.72
          20051109              157.87
          20051110              158.69
          20051111              161.81
          20051114              162.02
          20051115              161.49
          20051116              163.24
          20051117              163.38
          20051118              163.74
          20051121               163.1
          20051122              159.68
          20051123              164.47
          20051124              165.56
          20051125              165.51
          20051128              165.52
          20051129              163.69
          20051130              165.95
          20051201              166.97
          20051202              167.56
          20051205              168.23
          20051206              169.24
          20051207              170.21
          20051208              170.13
          20051209              169.16
          20051212              171.35
          20051213              171.65
          20051214              171.15
          20051215              171.56
          20051216              169.45
          20051219              171.91
          20051220              172.05
          20051221              173.95
          20051222              173.89
          20051223              175.11
          20051226              176.27
          20051227               177.2
          20051228              176.16
          20051229              177.43
          20060102              178.29
          20060103              178.81
          20060104              179.91
          20060105              178.82
          20060106              180.87
          20060109               180.3
          20060110              178.98
          20060111              178.67
          20060112              179.65
          20060113              181.71
          20060116              182.39
          20060117              178.27
          20060118              173.81
          20060119              174.93
          20060120               170.6
          20060123              168.04
          20060124              171.79
          20060125              173.52
          20060126              174.71
          20060127              178.64
          20060131              180.65
          20060201              178.07
          20060202              177.92
          20060203              172.67
          20060206              173.66
          20060207              172.39
          20060208              169.44
          20060209              170.93
          20060210              172.68
          20060213              170.61
          20060214              171.65
          20060215              168.31
          20060216               169.8
          20060217               172.4
          20060220              174.28
          20060221              174.04
          20060222              173.26
          20060223              176.18
          20060224              176.96
          20060227               178.1
          20060228              177.45
          20060302              176.85
          20060303              171.67
          20060306              173.86
          20060307              170.13
          20060308              169.76
          20060309              169.17
          20060310              170.37
          20060313              172.82
          20060314               171.1
          20060315              172.28
          20060316              172.66
          20060317              173.48
          20060320              174.26
          20060321              172.87
          20060322              169.28
          20060323              169.68
          20060324              170.86
          20060327              172.44
          20060328              172.77
          20060329              172.96
          20060330              173.61
          20060331              176.21
          20060403              178.89
          20060404              179.77
          20060405              179.97
          20060406               181.1
          20060407              181.97
          20060410              181.31
          20060411              179.61
          20060412              179.13
          20060413              181.91
          20060414              185.67
          20060417               184.3
          20060418               184.9
          20060419              186.34
          20060420              185.86
          20060421               188.2
          20060424              185.41
          20060425              185.54
          20060426              188.34
          20060427               188.4
          20060428               184.1
          20060502              186.17
          20060503              186.03
          20060504              186.98
          20060508              188.79
          20060509              188.51
          20060510              188.62
          20060511               190.2
          20060512              187.27
          20060515              183.08
          20060516                 179
          20060517              181.69
          20060518              177.18
          20060519              177.94
          20060522               173.6
          20060523              172.78
          20060524              173.36
          20060525              168.33
          20060526              171.83
          20060529              172.64
          20060530              171.01
          20060601              168.03
          20060602              169.85
          20060605              168.83
          20060607              164.17
          20060608              158.11
          20060609              159.61
          20060612              160.05
          20060613              155.43
          20060614               157.7
          20060615              157.36
          20060616              163.05
          20060619              161.79
          20060620              158.48
          20060621              158.63
          20060622               160.2
          20060623              158.88
          20060626              160.18
          20060627              161.36
          20060628              160.18
          20060629               163.3
          20060630              167.45
          20060703              167.33
          20060704              166.15
          20060705              165.51
          20060706              163.47
          20060707               164.7
          20060710              168.27
          20060711              168.45
          20060712              167.93
          20060713              166.35
          20060714              162.33
          20060718              159.69
          20060719              159.76
          20060720              165.11
          20060721                 165
          20060724              163.93
          20060725              166.25
          20060726               166.1
          20060727              168.52
          20060728              168.54
          20060731              168.51
          20060801              167.14
          20060802              168.27
          20060803              167.94
          20060804              169.68
          20060807              167.61
          20060808              170.68
          20060809              171.11
          20060810              169.44
          20060811              167.65
          20060814              168.19
          20060816              171.01
          20060817              172.65
          20060818              173.17
          20060821              171.96
          20060822              173.81
          20060823              172.33
          20060824              171.08
          20060825              172.92
          20060828              172.64
          20060829              174.79
          20060830              174.16
          20060831              175.44
          20060901              175.99
          20060904              176.32
          20060905              176.75
          20060906              176.19
          20060907              175.43
          20060908              175.78
          20060911                 173
          20060912              172.28
          20060913              172.93
          20060914              176.35
          20060915              176.51
          20060918              178.28
          20060919              178.32
          20060920              177.34
          20060921              177.31
          20060922                 175
          20060925              176.03
          20060926              174.58
          20060927              176.74
          20060928              178.21
          20060929              178.05
          20061002              178.46
          20061004              175.48
          20061009              171.78
          20061010              172.78
          20061011              172.51
          20061012               173.1
          20061013              175.42
          20061016              176.51
          20061017              175.85
          20061018              176.19
          20061019              176.11
          20061020              177.35
          20061023              177.36
          20061024              177.49
          20061025               178.2
          20061026              178.53
          20061027              177.85
          20061030              175.99
          20061031              176.84
          20061101              177.94
          20061102              179.22
          20061103              179.14
          20061106              178.41
          20061107              179.45
          20061108              178.61
          20061109              181.31
          20061110              180.78
          20061113              180.93
          20061114               182.3
          20061115               182.9
          20061116              182.69
          20061117              182.94
          20061120               181.6
          20061121              182.06
          20061122              184.24
          20061123              183.77
          20061124              183.91
          20061127              184.27
          20061128              182.42
          20061129               183.8
          20061130              184.96
          20061201              185.28
          20061204              184.31
          20061205              183.53
          20061206               182.6
          20061207              182.19
          20061208              179.49
          20061211               179.5
          20061212              177.93
          20061213              178.75
          20061214              183.57
          20061215              183.82
          20061218              185.38
          20061219              184.63
          20061220              186.54
          20061221              185.81
          20061222              185.98
          20061226              185.62
          20061227               184.3
          20061228              185.39
          20070102               185.7
          20070103              182.13
          20070104              180.52
          20070105               179.1
          20070108              177.08
          20070109              177.52
          20070110              174.99
          20070111              176.26
          20070112              179.36
          20070115              179.82
          20070116              179.73
          20070117               178.5
          20070118              179.12
          20070119              176.23
          20070122              176.83
          20070123               176.9
          20070124              179.37
          20070125              179.12
          20070126              177.58
          20070129              176.41
          20070130              177.45
          20070131              175.99
          20070201               179.1
          20070202               183.2
          20070205              183.73
          20070206              185.09
          20070207              184.67
          20070208              184.25
          20070209              184.72
          20070212               182.8
          20070213              183.29
          20070214              185.72
          20070215              186.82
          20070216              187.57
          20070220              188.12
          20070221               187.9
          20070222              189.72
          20070223              190.19
          20070226              190.12
          20070227              188.15
          20070228               183.2
          20070302              182.78
          20070305              177.69
          20070306              181.23
          20070307              182.36
          20070308              183.94
          20070309              183.87
          20070312              186.36
          20070313              185.72
          20070314              181.81
          20070315              184.41
          20070316              184.42
          20070319              186.31
          20070320              186.34
          20070321              186.24
          20070322              187.15
          20070323              186.89
          20070326              187.19
          20070327              187.68
          20070328              185.96
          20070329              187.44
          20070330               187.6
          20070402              188.56
          20070403              189.12
          20070404              191.77
          20070405              191.41
          20070406              191.63
          20070409              193.85
          20070410              193.55
          20070411              195.27
          20070412              196.81
          20070413              195.85
          20070416               197.1
          20070417              196.57
          20070418              197.31
          20070419              194.59
          20070420              197.24
          20070423              198.62
          20070424              200.02
          20070425              198.43
          20070426              199.75
          20070427              198.28
          20070430              198.55
          20070502              199.86
          20070503              200.67
          20070504              201.56
          20070507              203.57
          20070508              203.51
          20070509              204.77
          20070510              205.51
          20070511              206.06
          20070514              206.28
          20070515              204.22
          20070516              205.62
          20070517              207.35
          20070518              206.69
          20070521              208.74
          20070522              210.69
          20070523              211.15
          20070525              210.54
          20070528              211.88
          20070529              212.06
          20070530              211.76
          20070531              216.45
          20070601              218.74
          20070604               221.9
          20070605              222.37
          20070607              223.17
          20070608               219.8
          20070611              218.39
          20070612              219.94
          20070613              218.59
          20070614              224.46
          20070615              224.61
          20070618               228.8
          20070619              229.04
          20070620              226.58
          20070621              227.81
          20070622              224.95
          20070625               223.4
          20070626              222.43
          20070627              220.35
          20070628               222.6
          20070629              221.31
          20070702              224.75
          20070703              229.29
          20070704              233.43
          20070705              234.75
          20070706              236.52
          20070709              239.68
          20070710              241.02
          20070711              240.46
          20070712              242.86
          20070713              250.19
          20070716              247.91
          20070718              244.92
          20070719               245.7
          20070720              251.45
          20070723              252.28
          20070724              252.61
          20070725              253.93
          20070726              248.75
          20070727              238.34
          20070730              241.39
          20070731              244.32
          20070801              234.36
          20070802              233.84
          20070803              236.91
          20070806              233.92
          20070807               234.5
          20070808              240.07
          20070809                 241
          20070810              230.68
          20070813              233.88
          20070814              230.45
          20070816              215.67
          20070817              208.57
          20070820              219.72
          20070821              220.18
          20070822              223.24
          20070823               228.6
          20070824              227.18
          20070827              228.65
          20070828              232.38
          20070829              232.32
          20070830              234.22
          20070831              238.28
          20070903              238.72
          20070904              237.91
          20070905              236.61
          20070906              239.61
          20070907              238.92
          20070910              232.44
          20070911              234.12
          20070912              229.44
          20070913              233.86
          20070914              236.54
          20070917              236.72
          20070918              232.42
          20070919              241.08
          20070920              242.42
          20070921              243.45
          20070927               247.1
          20070928               247.2
          20071001               249.3
          20071002               256.8
          20071004              254.92
          20071005              253.63
          20071008              255.87
          20071009              256.19
          20071010              259.79
          20071011              261.82
          20071012              257.31
          20071015              257.68
          20071016              253.43
          20071017              250.48
          20071018               252.6
          20071019              248.35
          20071022              239.94
          20071023               244.9
          20071024              243.31
          20071025               248.8
          20071026              255.65
          20071029               260.4
          20071030              258.87
          20071031              260.42
          20071101              260.76
          20071102              254.74
          20071105              253.91
          20071106              259.24
          20071107              258.74
          20071108              249.97
          20071109              252.21
          20071112              243.89
          20071113              244.73
          20071114              250.21
          20071115              247.39
          20071116              244.13
          20071119              239.78
          20071120              236.91
          20071121              228.84
          20071122               228.1
          20071123              225.54
          20071126              236.01
          20071127              236.38
          20071128              232.87
          20071129              238.68
          20071130              241.91
          20071203              241.61
          20071204              244.04
          20071205              247.03
          20071206              249.63
          20071207              247.38
          20071210              244.25
          20071211              246.85
          20071212              247.15
          20071213              245.21
          20071214               241.5
          20071217              234.33
          20071218              236.65
          20071220               234.4
          20071221               239.6
          20071224              245.14
          20071226              243.48
          20071227              243.38
          20071228              241.27
          20080102               235.3
          20080103              234.67
          20080104              235.77
          20080107                 231
          20080108              230.34
          20080109              232.53
          20080110              229.47
          20080111              224.41
          20080114              222.81
          20080115              220.91
          20080116              215.87
          20080117              218.83
          20080118              219.87
          20080121               213.6
          20080122              204.55
          20080123              207.23
          20080124               211.2
          20080125              215.06
          20080128              206.52
          20080129               208.8
          20080130               203.5
          20080131              207.77
          20080201              209.08
          20080204              216.23
          20080205              216.91
          20080211              208.92
          20080212              209.01
          20080213              207.56
          20080214               216.2
          20080215              215.38
          20080218              215.46
          20080219              218.37
          20080220              213.84
          20080221              216.38
          20080222              213.73
          20080225              217.07
          20080226              217.22
          20080227              218.87
          20080228              220.59
          20080229              216.85
          20080303              211.73
          20080304              212.14
          20080305              212.14
          20080306              214.92
          20080307              210.57
          20080310              206.29
          20080311              208.06
          20080312              210.49
          20080313              204.42
          20080314              202.63
          20080317              199.68
          20080318              201.79
          20080319              206.48
          20080320              206.62
          20080321              209.69
          20080324                 211
          20080325              213.73
          20080326              214.41
          20080327              213.85
          20080328              217.22
          20080331              217.65
          20080401              217.81
          20080402              223.76
          20080403              226.99
          20080404              226.95
          20080407              227.79
          20080408               225.1
          20080410              226.44
          20080411               228.8
          20080414              224.54
          20080415              223.51
          20080416              225.36
          20080417              226.98
          20080418              227.25
          20080421              231.11
          20080422              229.22
          20080423              230.56
          20080424              230.77
          20080425              234.56
          20080428              234.97
          20080429              233.24
          20080430                 235
          20080502              238.18
          20080506              239.53
          20080507              238.66
          20080508              237.37
          20080509              233.98
          20080513              237.02
          20080514              237.04
          20080515              243.11
          20080516              243.54
          20080519              242.67
          20080520              240.62
          20080521              237.15
          20080522              235.31
          20080523              234.14
          20080526              230.43
          20080527              233.97
          20080528              231.17
          20080529              236.39
          20080530              237.46
          20080602              236.78
          20080603              233.14
          20080604              235.09
          20080605              234.76
          20080609              231.35
          20080610              226.56
          20080611              227.42
          20080612              221.17
          20080613              222.79
          20080616              224.91
          20080617              223.66
          20080618               226.6
          20080619              222.03
          20080620              220.57
          20080623              218.51
          20080624              217.97
          20080625              218.95
          20080626              219.12
          20080627              214.59
          20080630              213.52
          20080701              213.02
          20080702              207.96
          20080703              205.71
          20080704              201.74
          20080707              202.34
          20080708              196.52
          20080709              194.61
          20080710              196.34
          20080711              200.12
          20080714              199.12
          20080715              193.01
          20080716              192.48
          20080717              194.89
          20080718              192.86
          20080721                 200
          20080722              199.77
          20080723              203.64
          20080724              208.34
          20080725              204.27
          20080728              203.97
          20080729               199.9
          20080730              201.82
          20080731              204.12
          20080801              201.43
          20080804              197.56
          20080805              196.44
          20080806              202.28
          20080807              200.31
          20080808              200.76
          20080811              202.42
          20080812              202.12
          20080813              200.26
          20080814               201.5
          20080818              200.97
          20080819              197.56
          20080820              197.35
          20080821              193.85
          20080822              192.04
          20080825              192.99
          20080826              191.36
          20080827               191.6
          20080828              188.75
          20080829              188.96
          20080901              182.13
          20080902              182.41
          20080903              184.36
          20080904              183.57
          20080905              180.49
          20080908              189.97
          20080909              186.99
          20080910               188.5
          20080911              185.27
          20080912               189.9
          20080916                 179
          20080917              183.54
          20080918              179.25
          20080919              188.31
          20080922              189.16
          20080923              191.58
          20080924              193.18
          20080925              193.87
          20080926               190.6
          20080929               188.1
          20080930              186.62
          20081001              185.52
          20081002               182.7
          20081006              175.03
          20081007              176.46
          20081008              167.16
          20081009              168.86
          20081010              162.05
          20081013              167.91
          20081014              178.15
          20081015              174.28
          20081016              157.63
          20081017              153.06
          20081020              157.51
          20081021               155.8
          20081022              148.13
          20081023              137.47
          20081024              123.27
          20081027              125.93
          20081028              132.42
          20081029              128.68
          20081030              144.42
          20081031               147.5
          20081103              148.81
          20081104              151.63
          20081105              154.93
          20081106              143.37
          20081107              148.44
          20081110              150.84
          20081111              147.67
          20081112              147.27
          20081113               142.7
          20081114              142.26
          20081117              140.57
          20081118              134.88
          20081119              132.33
          20081120              123.54
          20081121              130.76
          20081124              126.02
          20081125              128.01
          20081126               134.5
          20081127              139.17
          20081128              140.66
          20081201              138.33
          20081202               133.7
          20081203              133.62
          20081204              131.43
          20081205              134.33
          20081208              144.89
          20081209               145.2
          20081210              150.73
          20081211              151.93
          20081212              144.38
          20081215              151.43
          20081216              151.35
          20081217              152.62
          20081218              153.24
          20081219               154.1
          20081222              153.98
          20081223              148.93
          20081224              147.02
          20081226              145.81
          20081229              145.72
          20081230              146.35
          20090102              151.15
          20090105              153.83
          20090106              156.79
          20090107              161.36
          20090108              157.76
          20090109              154.17
          20090112              151.01
          20090113              152.45
          20090114               154.5
          20090115              145.05
          20090116              148.03
          20090119              150.02
          20090120              146.55
          20090121              143.29
          20090122              145.11
          20090123              141.75
          20090128              151.04
          20090129              152.29
          20090130              151.33
          20090202                 149
          20090203              151.42
          20090204              155.99
          20090205                 154
          20090206               158.9
          20090209               157.7
          20090210              156.84
          20090211              155.26
          20090212              153.66
          20090213              155.19
          20090216              152.66
          20090217               146.6
          20090218              144.21
          20090219               143.6
          20090220              138.31
          20090223              142.78
          20090224              137.82
          20090225              138.65
          20090226              136.98
          20090227              138.07
          20090302              132.47
          20090303              133.78
          20090304              138.21
          20090305              138.25
          20090306              137.83
          20090309                 140
          20090310              142.73
          20090311               147.6
          20090312              148.02
          20090313              147.29
          20090316                 147
          20090317              152.17
          20090318              152.89
          20090319              151.51
          20090320              152.58
          20090323              156.42
          20090324              159.56
          20090325              160.28
          20090326              162.22
          20090327              161.66
          20090330              156.23
          20090331              157.01
          20090401              160.46
          20090402              166.18
          20090403              167.11
          20090406              168.62
          20090407              168.34
          20090408              162.68
          20090409              169.48
          20090410              172.01
          20090413              171.69
          20090414              172.03
          20090415              171.21
          20090416              171.73
          20090417              171.33
          20090420               172.3
          20090421              171.96
          20090422               174.4
          20090423              176.14
          20090424              174.13
          20090427              172.13
          20090428              167.24
          20090429              172.08
          20090430                 176
          20090504              179.69
          20090506              178.82
          20090507              179.74
          20090508              181.04
          20090511              181.35
          20090512              179.73
          20090513              181.14
          20090514              176.29
          20090515               177.8
          20090518              177.26
          20090519              182.76
          20090520               183.8
          20090521              181.82
          20090522              179.01
          20090525              178.57
          20090526              174.77
          20090527              173.75
          20090528              178.19
          20090529               178.7
          20090601               180.9
          20090602              180.47
          20090603              180.31
          20090604              175.75
          20090605              177.77
          20090608              177.67
          20090609              174.91
          20090610              180.91
          20090611              181.43
          20090612              182.69
          20090615              180.66
          20090616              178.88
          20090617               177.8
          20090618              175.54
          20090619              176.63
          20090622              179.02
          20090623              174.32
          20090624              175.08
          20090625              178.86
          20090626              179.28
          20090629              178.81
          20090630              178.99
          20090701              181.95
          20090702              181.85
          20090703              182.92
          20090706               184.5
          20090707              185.11
          20090708              184.73
          20090709              184.72
          20090710              184.56
          20090713              178.15
          20090714              179.43
          20090715              184.26
          20090716              186.22
          20090717              187.16
          20090720              192.25
          20090721              193.62
          20090722              194.29
          20090723               194.4
          20090724              195.13
          20090727              198.07
          20090728              198.52
          20090729              198.24
          20090730              199.88
          20090731              202.96
          20090803              203.81
          20090804               204.1
          20090805              203.19
          20090806              203.74
          20090807              204.95
          20090810              204.77
          20090811              204.96
          20090812              202.67
          20090813              202.46
          20090814              206.46
          20090817              200.52
          20090818              201.33
          20090819              201.08
          20090820              205.22
          20090821              206.26
          20090824               210.6
          20090825              209.12
          20090826              210.62
          20090827              208.62
          20090828              209.74
          20090831              207.44
          20090901              211.89
          20090902              210.51
          20090903               210.6
          20090904              209.81
          20090907              209.73
          20090908               211.4
          20090909              210.09
          20090910              214.92
          20090911              215.81
          20090914              213.42
          20090915              216.14
          20090916              220.53
          20090917              222.31
          20090918              222.34
          20090921              221.85
          20090922              225.27
          20090923              224.69
          20090924              222.35
          20090925              221.82
          20090928              219.66
          20090929              221.59
          20090930              219.75
          20091001              215.94
          20091005              210.38
          20091006              209.25
          20091007              208.94
          20091008              211.01
          20091009              215.57
          20091012              214.23
          20091013               213.1
          20091014               215.9
          20091015              217.47
          20091016              214.91
          20091019              216.19
          20091020              217.53
          20091021              216.64
          20091022              213.25
          20091023              214.73
          20091026              217.45
          20091027              216.47
          20091028              211.03
          20091029              207.68
          20091030              206.81
          20091102              204.25
          20091103              203.13
          20091104              207.18
          20091105              203.52
          20091106              206.53
          20091109              207.29
          20091110              208.23
          20091111              210.08
          20091112              206.67
          20091113              206.84
          20091116               209.9
          20091117                 209
          20091118              211.56
          20091119              213.89
          20091120              213.76
          20091123              213.72
          20091124              211.92
          20091125              212.61
          20091126              210.77
          20091127              200.73
          20091130              204.75
          20091201              207.07
          20091202              210.25
          20091203              213.31
          20091204               214.5
          20091207              215.55
          20091208              214.91
          20091209              215.75
          20091210              218.73
          20091211              218.77
          20091214              219.51
          20091215               219.6
          20091216              219.32
          20091217               216.9
          20091218              216.68
          20091221               216.2
          20091222              217.87
          20091223              218.95
          20091224              221.67
          20091228              222.03
          20091229              220.34
          20091230              221.86
          20100104              223.49
          20100105              222.84
          20100106              224.67
          20100107              221.31
          20100108              222.66
          20100111              222.23
          20100112              223.04
          20100113              219.17
          20100114              221.19
          20100115              223.21
          20100118              224.38
          20100119              224.13
          20100120              224.83
          20100121              226.16
          20100122              220.68
          20100125              219.33
          20100126              214.89
          20100127              213.02
          20100128              215.67
          20100129              210.34
          20100201              210.76
          20100202              209.27
          20100203              211.86
          20100204              211.72
          20100205              205.06
          20100208              203.37
          20100209              206.01
          20100210              205.94
          20100211              209.73
          20100212              208.74
          20100216              209.73
          20100217              213.44
          20100218              212.55
          20100219               208.7
          20100222              213.28
          20100223              213.45
          20100224              210.92
          20100225              207.56
          20100226              208.36
          20100302              211.44
          20100303              212.36
          20100304              211.91
          20100305              214.05
          20100308              217.73
          20100309              217.82
          20100310              217.82
          20100311              216.76
          20100312              217.35
          20100315              215.49
          20100316              215.25
          20100317              220.28
          20100318              219.02
          20100319              220.48
          20100322              218.52
          20100323              220.09
          20100324              220.09
          20100325              221.07
          20100326              222.25
          20100329               221.6
          20100330              222.48
          20100331              221.58
          20100401              225.47
          20100402              226.69
          20100405              227.48
          20100406              227.51
          20100407              227.31
          20100408              228.27
          20100409              226.81
          20100412              224.59
          20100413              224.69
          20100414              228.08
          20100415              229.17
          20100416              227.69
          20100419              223.65
          20100420              225.13
          20100421              229.09
          20100422              227.76
          20100423              227.36
          20100426              229.64
          20100427              229.28
          20100428              226.98
          20100429              226.11
          20100430              227.95
          20100503               225.1
          20100504              224.76
          20100506              220.21
          20100507              215.09
          20100510               219.1
          20100511              217.63
          20100512              216.78
          20100513               220.8
          20100514              221.08
          20100517              215.36
          20100518              214.42
          20100519              212.43
          20100520              208.78
          20100524              210.27
          20100525              204.83
          20100526              206.62
          20100527              209.83
          20100528               212.1
          20100531              214.34
          20100601              213.02
          20100603              217.58
          20100604              218.03
          20100607              214.38
          20100608              216.08
          20100609              215.26
          20100610              215.73
          20100611              219.22
          20100614              221.43
          20100615              221.34
          20100616              223.34
          20100617              223.45
          20100618              223.77
          20100621              227.69
          20100622              226.45
          20100623              225.59
          20100624              227.45
          20100625              225.63
          20100628              225.55
          20100629              222.54
          20100630              220.85
          20100701              218.65
          20100702              217.01
          20100705              217.47
          20100706              219.12
          20100707              217.45
          20100708              220.78
          20100709              224.44
          20100712              225.86
          20100713              226.14
          20100714              229.27
          20100715              228.39
          20100716              226.34
          20100719              225.32
          20100720              225.84
          20100721              227.88
          20100722              226.23
          20100723               229.5
          20100726              230.87
          20100727              230.93
          20100728              231.56
          20100729              231.16
          20100730              229.25
          20100802              232.22
          20100803              233.38
          20100804              233.14
          20100805              232.39
          20100806              232.35
          20100809              233.14
          20100810              232.04
          20100811              228.98
          20100812              223.96
          20100813              227.01
          20100816              226.51
          20100817              227.96
          20100818               228.9
          20100819              231.88
          20100820              231.17
          20100823               230.2
          20100824              229.42
          20100825              225.99
          20100826              225.39
          20100827              225.52
          20100830              229.63
          20100831              226.81
          20100901              229.41
          20100902              230.66
          20100903              231.04
          20100906              232.77
          20100907              232.45
          20100908              230.94
          20100909              231.53
          20100910              233.93
          20100913              236.34
          20100914              235.98
          20100915              237.14
          20100916              235.37
          20100917              237.64
          20100920              238.29
          20100924               239.8
          20100927              241.38
          20100928              240.59
          20100929              242.27
          20100930              242.95
          20101001              243.49
          20101004              243.99
          20101005              244.22
          20101006               247.7
          20101007              247.22
          20101008              246.51
          20101011              245.44
          20101012              242.35
          20101013              242.99
          20101014              246.25
          20101015              246.56
          20101018              242.64
          20101019              240.11
          20101020              241.79
          20101021              242.53
          20101022              245.84
          20101025              248.16
          20101026              248.38
          20101027              246.61
          20101028              246.41
          20101029              242.98
          20101101              247.41
          20101102              247.93
          20101103              249.99
          20101104              251.12
          20101105              251.22
          20101108              251.73
          20101109              252.07
          20101110              255.13
          20101111              247.51
          20101112              248.35
          20101115              249.22
          20101116              247.84
          20101117               247.3
          20101118              251.15
          20101119              253.04
          20101122                 254
          20101123              252.12
          20101124              252.38
          20101125              252.45
          20101126              249.31
          20101129              248.92
          20101130              249.64
          20101201               252.8
          20101202              256.02
          20101203              257.65
          20101206              257.32
          20101207              258.63
          20101208              257.51
          20101209              262.32
          20101210              261.74
          20101213              263.31
          20101214              265.13
          20101215              265.95
          20101216              264.92
          20101217              267.67
          20101220              267.42
          20101221              269.31
          20101222               269.6
          20101223              269.62
          20101224               268.5
          20101227              267.35
          20101228              269.04
          20101229              270.44
          20101230              271.19
          20110103              273.81
          20110104              275.78
          20110105              275.35
          20110106              274.72
          20110107              275.61
          20110110              273.99
          20110111               275.1
          20110112              276.17
          20110113              275.52
          20110114              278.17
          20110117              277.05
          20110118               276.6
          20110119              279.25
          20110120              277.75
          20110121              272.67
          20110124               274.5
          20110125              275.18
          20110126              278.81
          20110127               279.2
          20110128              278.45
          20110131              273.12
          20110201              273.45
          20110207               274.9
          20110208              273.16
          20110209               269.9
          20110210              264.57
          20110211               260.4
          20110214              266.02
          20110215               265.4
          20110216              262.56
          20110217              261.23
          20110218               265.8
          20110221              264.55
          20110222              260.13
          20110223              259.21
          20110224              257.69
          20110225              259.28
          20110228              256.36
          20110302              254.96
          20110303              260.48
          20110304              265.42
          20110307              261.44
          20110308              263.33
          20110309               263.8
          20110310              260.59
          20110311              256.83
          20110314              260.69
          20110315              254.29
          20110316              259.44
          20110317               259.8
          20110318              262.39
          20110321              264.89
          20110322              266.05
          20110323              265.67
          20110324              268.93
          20110325              271.66
          20110328              272.13
          20110329              274.22
          20110330              277.04
          20110331              278.87
          20110401              280.73
          20110404              280.01
          20110405              282.03
          20110406              281.35
          20110407              280.45
          20110408              281.05
          20110411              280.49
          20110412              276.13
          20110413              280.68
          20110414              283.15
          20110415               282.8
          20110418              282.14
          20110419              280.43
          20110420              287.19
          20110421              291.16
          20110422              290.84
          20110425              292.69
          20110426              291.38
          20110427              292.08
          20110428              292.15
          20110429              290.39
          20110502              295.35
          20110503              291.65
          20110504              288.46
          20110506              283.68
          20110509              282.59
          20110511               286.3
          20110512              280.02
          20110513              279.59
          20110516              277.22
          20110517              277.15
          20110518              281.76
          20110519              276.47
          20110520              278.59
          20110523              271.19
          20110524              271.78
          20110525              268.62
          20110526              276.33
          20110527              277.35
          20110530              276.32
          20110531              282.76
          20110601              282.75
          20110602              278.76
          20110603              278.84
          20110607              276.97
          20110608              274.46
          20110609              272.44
          20110610              269.04
          20110613              269.79
          20110614              273.67
          20110615              274.53
          20110616              268.88
          20110617              266.22
          20110620              264.39
          20110621              268.65
          20110622              270.71
          20110623              269.34
          20110624              274.31
          20110627              271.44
          20110628              270.41
          20110629              274.61
          20110630              275.17
          20110701              278.77
          20110704              281.67
          20110705              283.88
          20110706              285.12
          20110707              286.07
          20110708              286.05
          20110711              282.46
          20110712               275.9
          20110713              278.32
          20110714              278.03
          20110715              279.59
          20110718              276.71
          20110719              276.58
          20110720              280.41
          20110721               279.2
          20110722              282.59
          20110725              279.66
          20110726              282.04
          20110727               282.7
          20110728              280.04
          20110729              277.11
          20110801              282.36
          20110802               275.4
          20110803               267.8
          20110804              261.54
          20110805               251.9
          20110808              242.45
          20110809              233.52
          20110810              233.23
          20110811              234.14
          20110812              230.38
          20110816              242.23
          20110817              243.43
          20110818              238.31
          20110819              222.98
          20110822              219.15
          20110823              228.12
          20110824              225.14
          20110825              227.02
          20110826                 229
          20110829              235.78
          20110830              237.64
          20110831              242.16
          20110901              242.37
          20110902              240.16
          20110905              228.89
          20110906              226.65
          20110907              236.12
          20110908              238.47
          20110909               233.4
          20110914              225.15
          20110915              228.58
          20110916               237.5
          20110919              235.32
          20110920              237.53
          20110921              239.51
          20110922              232.05
          20110923              218.62
          20110926              214.18
          20110927              225.29
          20110928              223.82
          20110929              230.37
          20110930              230.41
          20111004              221.93
          20111005              217.34
          20111006              223.94
          20111007              230.27
          20111010              230.82
          20111011               234.8
          20111012              236.66
          20111013              238.09
          20111014              239.67
          20111017              243.49
          20111018              239.89
          20111019              242.11
          20111020              235.57
          20111021              240.02
          20111024              248.21
          20111025               247.2
          20111026              247.56
          20111027               251.2
          20111028              252.47
          20111031              249.88
          20111101              249.92
          20111102              248.03
          20111103              244.09
          20111104              252.34
          20111107              250.78
          20111108              248.32
          20111109              249.23
          20111110              236.02
          20111111              242.99
          20111114              248.27
          20111115              246.21
          20111116              241.98
          20111117               244.6
          20111118              239.43
          20111121              236.64
          20111122               237.8
          20111123              231.68
          20111124              233.35
          20111125              231.03
          20111128              236.59
          20111129               242.5
          20111130              241.19
          20111201              251.52
          20111202              251.19
          20111205              252.22
          20111206              249.48
          20111207              251.57
          20111208              250.31
          20111209              244.93
          20111212              248.55
          20111213              243.48
          20111214              242.35
          20111215              236.72
          20111216              239.82
          20111219              231.74
          20111220              233.83
          20111221              241.51
          20111222               241.4
          20111223              244.22
          20111226              242.64
          20111227              240.79
          20111228              238.15
          20111229              238.08
          20120102               238.7
          20120103              245.82
          20120104              244.24
          20120105              243.56
          20120106              240.57
          20120109              238.02
          20120110              241.69
          20120111              240.83
          20120112              243.46
          20120113              245.28
          20120116               243.1
          20120117              247.81
          20120118              247.82
          20120119              251.27
          20120120              256.61
          20120125              257.14
          20120126              257.52
          20120127              258.65
          20120130              255.21
          20120131               256.9
          20120201              257.06
          20120202              260.35
          20120203              258.53
          20120206              258.93
          20120207               259.8
          20120208              262.94
          20120209               264.5
          20120210              261.17
          20120213              262.75
          20120214              262.38
          20120215              265.88
          20120216              261.89
          20120217              265.82
          20120220              265.95
          20120221              265.89
          20120222              266.63
          20120223              263.58
          20120224               265.2
          20120227               261.3
          20120228              263.45
          20120229              267.13
          20120302              267.45
          20120305              264.75
          20120306              262.85
          20120307              260.35
          20120308              262.85
          20120309              265.62
          20120312              263.74
          20120313               266.9
          20120314              269.85
          20120315              269.76
          20120316              268.27
          20120319              270.27
          20120320              269.68
          20120321              267.79
          20120322              267.98
          20120323              267.95
          20120326              267.41
          20120327              270.71
          20120328              269.64
          20120329              267.13
          20120330              266.58
          20120402              268.99
          20120403              272.46
          20120404              268.33
          20120405              269.96
          20120406              269.97
          20120409              265.88
          20120410              265.38
          20120412              263.95
          20120413              266.86
          20120416              264.49
          20120417              263.32
          20120418              266.22
          20120419              265.58
          20120420              261.84
          20120423              261.66
          20120424              260.76
          20120425              260.82
          20120426              261.51
          20120427              263.43
          20120430              264.35
          20120502              266.61
          20120503              266.05
          20120504               264.4
          20120507              259.73
          20120508              261.12
          20120509              258.79
          20120510              257.89
          20120511                 254
          20120514              254.11
          20120515              252.32
          20120516              243.93
          20120517              244.48
          20120518              235.85
          20120521              238.62
          20120522              242.66
          20120523              239.76
          20120524              240.51
          20120525               241.6
          20120529              245.26
          20120530              244.68
          20120531              244.05
          20120601              242.98
          20120604               236.3
          20120605              238.79
          20120607              245.51
          20120608              243.69
          20120611               248.3
          20120612              246.43
          20120613              247.08
          20120614              248.62
          20120615              246.57
          20120618              251.37
          20120619              251.31
          20120620              252.92
          20120621              250.46
          20120622              244.15
          20120625              240.75
          20120626              239.68
          20120627              239.85
          20120628              239.98
          20120629               244.9
          20120702              244.46
          20120703               246.8
          20120704              247.76
          20120705              247.67
          20120706              245.07
          20120709              241.73
          20120710              240.88
          20120711              240.34
          20120712              234.66
          20120713              238.77
          20120716              239.39
          20120717              240.19
          20120718              236.42
          20120719              240.44
          20120720              240.35
          20120723              235.75
          20120724              236.65
          20120725              233.49
          20120726              235.33
          20120727              242.23
          20120730              244.58
          20120731              250.08
          20120801               249.6
          20120802               247.9
          20120803              244.81
          20120806              250.36
          20120807              250.39
          20120808              252.84
          20120809              258.08
          20120810              258.91
          20120813              256.65
          20120814              260.11
          20120816              260.08
          20120817               258.2
          20120820              258.03
          20120821               257.5
          20120822              256.21
          20120823              257.28
          20120824              253.73
          20120827              252.77
          20120828              252.57
          20120829              254.22
          20120830              250.96
          20120831              250.56
