          20050103             2152.15
          20050104             2107.86
          20050105             2091.24
          20050106                2090
          20050107             2088.61
          20050110             2097.04
          20050111             2079.62
          20050112             2092.53
          20050113             2070.56
          20050114             2087.91
          20050118             2106.04
          20050119             2073.59
          20050120             2045.88
          20050121             2034.27
          20050124              2008.7
          20050125             2019.95
          20050126             2046.09
          20050127             2047.15
          20050128             2035.83
          20050131             2062.41
          20050201              2068.7
          20050202             2075.06
          20050203             2057.64
          20050204             2086.66
          20050207             2082.03
          20050208             2086.68
          20050209             2052.55
          20050210              2053.1
          20050211             2076.66
          20050214             2082.91
          20050215             2089.21
          20050216             2087.43
          20050217             2061.34
          20050218             2058.62
          20050222             2030.32
          20050223             2031.25
          20050224              2051.7
          20050225              2065.4
          20050228             2051.72
          20050301             2071.25
          20050302              2067.5
          20050303              2058.4
          20050304             2070.61
          20050307             2090.21
          20050308             2073.55
          20050309             2061.29
          20050310             2059.72
          20050311              2041.6
          20050314             2051.04
          20050315             2034.98
          20050316             2015.75
          20050317             2016.42
          20050318             2007.79
          20050321             2007.51
          20050322             1989.34
          20050323             1990.22
          20050324             1991.06
          20050328             1992.52
          20050329             1973.88
          20050330             2005.67
          20050331             1999.23
          20050401             1984.81
          20050404             1991.07
          20050405             1999.32
          20050406             1999.14
          20050407             2018.79
          20050408             1999.35
          20050411             1992.12
          20050412              2005.4
          20050413             1974.37
          20050414             1946.71
          20050415             1908.15
          20050418             1912.92
          20050419             1932.36
          20050420             1913.76
          20050421             1962.41
          20050422             1932.19
          20050425             1950.78
          20050426             1927.44
          20050427             1930.43
          20050428             1904.18
          20050429             1921.65
          20050502             1928.65
          20050503             1933.07
          20050504             1962.23
          20050505              1961.8
          20050506             1967.35
          20050509             1979.67
          20050510             1962.77
          20050511             1971.55
          20050512             1963.88
          20050513              1976.8
          20050516             1994.43
          20050517             2004.15
          20050518             2030.65
          20050519             2042.58
          20050520             2046.42
          20050523             2056.65
          20050524             2061.62
          20050525             2050.12
          20050526             2071.24
          20050527             2075.73
          20050531             2068.22
          20050601             2087.86
          20050602              2097.8
          20050603             2071.43
          20050606             2075.76
          20050607             2067.16
          20050608             2060.18
          20050609             2076.91
          20050610                2063
          20050613             2068.96
          20050614             2069.04
          20050615             2074.92
          20050616             2089.15
          20050617             2090.11
          20050620             2088.13
          20050621             2091.07
          20050622             2092.03
          20050623             2070.66
          20050624             2053.27
          20050627              2045.2
          20050628             2069.89
          20050629             2068.89
          20050630             2056.96
          20050701             2057.37
          20050705             2078.75
          20050706             2068.65
          20050707             2075.66
          20050708             2112.88
          20050711             2135.43
          20050712             2143.15
          20050713             2144.11
          20050714             2152.82
          20050715             2156.78
          20050718             2144.87
          20050719             2173.18
          20050720             2188.57
          20050721              2178.6
          20050722             2179.74
          20050725             2166.74
          20050726             2175.99
          20050727             2186.22
          20050728             2198.44
          20050729             2184.83
          20050801             2195.38
          20050802             2218.15
          20050803             2216.81
          20050804             2191.32
          20050805             2177.91
          20050808             2164.39
          20050809             2174.19
          20050810             2157.81
          20050811             2174.55
          20050812              2156.9
          20050815             2167.04
          20050816             2137.06
          20050817             2145.15
          20050818             2136.08
          20050819             2135.56
          20050822             2141.41
          20050823             2137.25
          20050824             2128.91
          20050825             2134.37
          20050826             2120.77
          20050829             2137.65
          20050830             2129.76
          20050831             2152.09
          20050901              2147.9
          20050902             2141.07
          20050906             2166.86
          20050907             2172.03
          20050908             2166.03
          20050909             2175.51
          20050912             2182.83
          20050913             2171.75
          20050914             2149.33
          20050915             2146.15
          20050916             2160.35
          20050919             2145.26
          20050920             2131.33
          20050921             2106.64
          20050922             2110.78
          20050923             2116.84
          20050926             2121.46
          20050927             2116.42
          20050928              2115.4
          20050929             2141.22
          20050930             2151.69
          20051003             2155.43
          20051004             2139.36
          20051005             2103.02
          20051006             2084.08
          20051007             2090.35
          20051010             2078.92
          20051011             2061.09
          20051012             2037.47
          20051013             2047.22
          20051014             2064.83
          20051017              2070.3
          20051018                2056
          20051019             2091.24
          20051020             2068.11
          20051021             2082.21
          20051024             2115.83
          20051025             2109.45
          20051026             2100.05
          20051027             2063.81
          20051028             2089.88
          20051031              2120.3
          20051101             2114.05
          20051102             2144.31
          20051103             2160.22
          20051104             2169.43
          20051107             2178.24
          20051108             2172.07
          20051109             2175.81
          20051110             2196.68
          20051111             2202.47
          20051114             2200.95
          20051115             2186.74
          20051116             2187.93
          20051117             2220.46
          20051118             2227.07
          20051121             2241.67
          20051122             2253.56
          20051123             2259.98
          20051125             2263.01
          20051128             2239.37
          20051129             2232.71
          20051130             2232.82
          20051201             2267.17
          20051202             2273.37
          20051205             2257.64
          20051206             2260.76
          20051207             2252.01
          20051208             2246.46
          20051209             2256.73
          20051212             2260.95
          20051213                2265
          20051214             2262.59
          20051215             2260.63
          20051216             2252.48
          20051219             2222.74
          20051220             2222.42
          20051221             2231.66
          20051222             2246.49
          20051223             2249.42
          20051227             2226.89
          20051228             2228.94
          20051229             2218.16
          20051230             2205.32
          20060103             2243.74
          20060104             2263.46
          20060105             2276.87
          20060106             2305.62
          20060109             2318.69
          20060110             2320.32
          20060111             2331.36
          20060112             2316.69
          20060113             2317.04
          20060117             2302.69
          20060118             2279.64
          20060119             2301.81
          20060120              2247.7
          20060123             2248.47
          20060124             2265.25
          20060125             2260.65
          20060126                2283
          20060127             2304.23
          20060130             2306.78
          20060131             2305.82
          20060201             2310.56
          20060202             2281.57
          20060203             2262.58
          20060206              2258.8
          20060207             2244.96
          20060208             2266.98
          20060209             2255.87
          20060210             2261.88
          20060213             2239.81
          20060214             2262.17
          20060215             2276.43
          20060216             2294.63
          20060217             2282.36
          20060221             2262.96
          20060222             2283.17
          20060223             2279.32
          20060224             2287.04
          20060227             2307.18
          20060228             2281.39
          20060301             2314.64
          20060302             2311.11
          20060303              2302.6
          20060306             2286.03
          20060307             2268.38
          20060308             2267.46
          20060309             2249.72
          20060310             2262.04
          20060313             2267.03
          20060314              2295.9
          20060315             2311.84
          20060316             2299.56
          20060317             2306.48
          20060320             2314.11
          20060321             2294.23
          20060322             2303.35
          20060323             2300.15
          20060324             2312.82
          20060327             2315.58
          20060328             2304.46
          20060329             2337.78
          20060330             2340.82
          20060331             2339.79
          20060403             2336.74
          20060404             2345.36
          20060405             2359.75
          20060406             2361.17
          20060407             2339.02
          20060410             2333.27
          20060411             2310.35
          20060412             2314.68
          20060413             2326.11
          20060417             2311.16
          20060418             2356.14
          20060419             2370.88
          20060420             2362.55
          20060421             2342.86
          20060424             2333.38
          20060425              2330.3
          20060426             2333.63
          20060427             2344.95
          20060428             2322.57
          20060501             2304.79
          20060502             2309.84
          20060503             2303.97
          20060504              2323.9
          20060505             2342.57
          20060508             2344.99
          20060509             2338.25
          20060510             2320.74
          20060511              2272.7
          20060512             2243.78
          20060515             2238.52
          20060516             2229.13
          20060517              2195.8
          20060518             2180.32
          20060519             2193.88
          20060522             2172.86
          20060523             2158.76
          20060524             2169.17
          20060525             2198.24
          20060526             2210.37
          20060530             2164.74
          20060531             2178.88
          20060601             2219.86
          20060602             2219.41
          20060605             2169.62
          20060606             2162.78
          20060607              2151.8
          20060608             2145.32
          20060609             2135.06
          20060612             2091.32
          20060613             2072.47
          20060614                2086
          20060615             2144.15
          20060616             2129.95
          20060619             2110.42
          20060620             2107.06
          20060621              2141.2
          20060622             2122.98
          20060623             2121.47
          20060626             2133.67
          20060627             2100.25
          20060628             2111.84
          20060629             2174.38
          20060630             2172.09
          20060703             2190.43
          20060705             2153.34
          20060706             2155.09
          20060707             2130.06
          20060710             2116.93
          20060711             2128.86
          20060712             2090.24
          20060713             2054.11
          20060714             2037.35
          20060717             2037.72
          20060718             2043.22
          20060719             2080.71
          20060720             2039.42
          20060721             2020.39
          20060724             2061.84
          20060725              2073.9
          20060726             2070.46
          20060727             2054.47
          20060728             2094.14
          20060731             2091.47
          20060801             2061.99
          20060802             2078.81
          20060803             2092.34
          20060804             2085.05
          20060807              2072.5
          20060808             2060.85
          20060809             2060.28
          20060810             2071.74
          20060811             2057.71
          20060814             2069.04
          20060815             2115.01
          20060816             2149.54
          20060817             2157.61
          20060818             2163.95
          20060821             2147.75
          20060822             2150.02
          20060823             2134.66
          20060824             2137.11
          20060825             2140.29
          20060828              2160.7
          20060829              2172.3
          20060830             2185.73
          20060831             2183.75
          20060901             2193.16
          20060905              2205.7
          20060906             2167.84
          20060907             2155.29
          20060908             2165.79
          20060911             2173.25
          20060912             2215.82
          20060913             2227.67
          20060914             2228.73
          20060915             2235.59
          20060918             2235.75
          20060919             2222.37
          20060920             2252.89
          20060921             2237.75
          20060922             2218.93
          20060925             2249.07
          20060926             2261.34
          20060927             2263.39
          20060928             2270.02
          20060929             2258.43
          20061002              2237.6
          20061003             2243.65
          20061004             2290.95
          20061005             2306.34
          20061006             2299.99
          20061009             2311.77
          20061010             2315.43
          20061011             2308.27
          20061012             2346.18
          20061013             2357.29
          20061016             2363.84
          20061017             2344.95
          20061018             2337.15
          20061019             2340.94
          20061020              2342.3
          20061023             2355.56
          20061024             2344.84
          20061025             2356.59
          20061026              2379.1
          20061027             2350.62
          20061030             2363.77
          20061031             2366.71
          20061101             2334.35
          20061102             2334.02
          20061103             2330.79
          20061106             2365.95
          20061107             2375.88
          20061108             2384.94
          20061109             2376.01
          20061110             2389.72
          20061113             2406.38
          20061114             2430.66
          20061115             2442.75
          20061116             2449.06
          20061117             2445.86
          20061120             2452.72
          20061121             2454.84
          20061122             2465.98
          20061124             2460.26
          20061127             2405.92
          20061128             2412.61
          20061129             2432.23
          20061130             2431.77
          20061201             2413.21
          20061204             2448.39
          20061205             2452.38
          20061206             2445.86
          20061207             2427.69
          20061208             2437.36
          20061211             2442.86
          20061212              2431.6
          20061213             2432.41
          20061214             2453.85
          20061215              2457.2
          20061218             2435.57
          20061219             2429.55
          20061220             2427.61
          20061221             2415.85
          20061222             2401.18
          20061226             2413.51
          20061227             2431.22
          20061228             2425.57
          20061229             2415.29
          20070103             2423.16
          20070104             2453.43
          20070105             2434.25
          20070108              2438.2
          20070109             2443.83
          20070110             2459.33
          20070111             2484.85
          20070112             2502.82
          20070116             2497.78
          20070117             2479.42
          20070118             2443.21
          20070119             2451.31
          20070122             2431.07
          20070123             2431.41
          20070124             2466.28
          20070125             2434.24
          20070126             2435.49
          20070129             2441.09
          20070130             2448.64
          20070131             2463.93
          20070201             2468.38
          20070202             2475.88
          20070205              2470.6
          20070206             2471.49
          20070207              2490.5
          20070208             2488.67
          20070209             2459.82
          20070212             2450.38
          20070213             2459.88
          20070214             2488.38
          20070215              2497.1
          20070216             2496.31
          20070220             2513.04
          20070221             2518.42
          20070222             2524.94
          20070223              2515.1
          20070226             2504.52
          20070227             2407.86
          20070228             2416.15
          20070301             2404.21
          20070302                2368
          20070305             2340.68
          20070306             2385.14
          20070307             2374.64
          20070308             2387.73
          20070309             2387.55
          20070312             2402.29
          20070313             2350.57
          20070314             2371.74
          20070315              2378.7
          20070316             2372.66
          20070319             2394.41
          20070320             2408.21
          20070321             2455.92
          20070322             2451.74
          20070323             2448.93
          20070326             2455.63
          20070327             2437.43
          20070328              2417.1
          20070329             2417.88
          20070330             2421.64
          20070402             2422.26
          20070403             2450.33
          20070404             2458.69
          20070405             2471.34
          20070409             2469.18
          20070410             2477.61
          20070411             2459.31
          20070412             2480.32
          20070413             2491.94
          20070416             2518.33
          20070417             2516.95
          20070418              2510.5
          20070419             2505.35
          20070420             2526.39
          20070423             2523.67
          20070424             2524.54
          20070425             2547.89
          20070426             2554.46
          20070427             2557.21
          20070430             2525.09
          20070501             2531.53
          20070502             2557.84
          20070503             2565.46
          20070504             2572.15
          20070507             2570.95
          20070508             2571.75
          20070509             2576.34
          20070510             2533.74
          20070511             2562.22
          20070514             2546.44
          20070515             2525.29
          20070516             2547.42
          20070517             2539.38
          20070518             2558.45
          20070521             2578.79
          20070522             2588.02
          20070523             2577.05
          20070524             2537.92
          20070525             2557.19
          20070529             2572.06
          20070530             2592.59
          20070531             2604.52
          20070601             2613.92
          20070604             2618.29
          20070605             2611.23
          20070606             2587.18
          20070607             2541.38
          20070608             2573.54
          20070611             2572.15
          20070612             2549.77
          20070613             2582.31
          20070614             2599.41
          20070615             2626.71
          20070618              2626.6
          20070619             2626.76
          20070620             2599.96
          20070621             2616.96
          20070622             2588.96
          20070625             2577.08
          20070626             2574.16
          20070627             2605.35
          20070628             2608.37
          20070629             2603.23
          20070702              2632.3
          20070703             2644.95
          20070705             2656.65
          20070706             2666.51
          20070709             2670.02
          20070710             2639.16
          20070711             2651.79
          20070712             2701.73
          20070713                2707
          20070716             2697.33
          20070717             2712.29
          20070718             2699.49
          20070719             2720.04
          20070720              2687.6
          20070723             2690.58
          20070724             2639.86
          20070725             2648.17
          20070726             2599.34
          20070727             2562.24
          20070730             2583.28
          20070731             2545.57
          20070801             2553.16
          20070802             2575.98
          20070803             2511.25
          20070806             2547.33
          20070807              2561.6
          20070808             2612.98
          20070809             2556.49
          20070810             2544.89
          20070813             2542.24
          20070814             2499.12
          20070815             2458.83
          20070816             2451.07
          20070817             2505.03
          20070820             2508.59
          20070821              2521.3
          20070822              2552.8
          20070823              2541.7
          20070824             2576.69
          20070827             2561.25
          20070828             2500.64
          20070829             2563.16
          20070830              2565.3
          20070831             2596.36
          20070904             2630.24
          20070905             2605.95
          20070906             2614.32
          20070907              2565.7
          20070910             2559.11
          20070911             2597.47
          20070912             2592.07
          20070913             2601.06
          20070914             2602.18
          20070917             2581.66
          20070918             2651.66
          20070919             2666.48
          20070920             2654.29
          20070921             2671.22
          20070924             2667.95
          20070925             2683.45
          20070926             2699.03
          20070927             2709.59
          20070928              2701.5
          20071001             2740.99
          20071002             2747.11
          20071003             2729.43
          20071004             2733.57
          20071005             2780.32
          20071008             2787.37
          20071009             2803.91
          20071010             2811.61
          20071011              2772.2
          20071012             2805.68
          20071015             2780.05
          20071016             2763.91
          20071017             2792.67
          20071018             2799.31
          20071019             2725.16
          20071022             2753.93
          20071023             2799.26
          20071024             2774.76
          20071025             2750.86
          20071026             2804.19
          20071029             2817.44
          20071030             2816.71
          20071031             2859.12
          20071101             2794.83
          20071102             2810.38
          20071105             2795.18
          20071106             2825.18
          20071107             2748.76
          20071108                2696
          20071109             2627.94
          20071112             2584.13
          20071113             2673.65
          20071114             2644.32
          20071115             2618.51
          20071116             2637.24
          20071119             2593.38
          20071120             2596.81
          20071121             2562.15
          20071123              2596.6
          20071126             2540.99
          20071127              2580.8
          20071128             2662.91
          20071129             2668.13
          20071130             2660.96
          20071203             2637.13
          20071204             2619.83
          20071205             2666.36
          20071206             2709.03
          20071207             2706.16
          20071210             2718.95
          20071211             2652.35
          20071212             2671.14
          20071213             2668.49
          20071214             2635.74
          20071217             2574.46
          20071218             2596.03
          20071219             2601.01
          20071220             2640.86
          20071221             2691.99
          20071224              2713.5
          20071226             2724.41
          20071227             2676.79
          20071228             2674.46
          20071231             2652.28
          20080102             2609.63
          20080103             2602.68
          20080104             2504.65
          20080107             2499.46
          20080108             2440.51
          20080109             2474.55
          20080110             2488.52
          20080111             2439.94
          20080114              2478.3
          20080115             2417.59
          20080116             2394.59
          20080117              2346.9
          20080118             2340.02
          20080122             2292.27
          20080123             2316.41
          20080124             2360.92
          20080125              2326.2
          20080128             2349.91
          20080129             2358.06
          20080130                2349
          20080131             2389.86
          20080201             2413.36
          20080204             2382.85
          20080205             2309.57
          20080206             2278.75
          20080207             2293.03
          20080208             2304.85
          20080211             2320.06
          20080212             2320.04
          20080213             2373.93
          20080214             2332.54
          20080215              2321.8
          20080219              2306.2
          20080220              2327.1
          20080221             2299.78
          20080222             2303.35
          20080225             2327.48
          20080226             2344.99
          20080227             2353.78
          20080228             2331.57
          20080229             2271.48
          20080303              2258.6
          20080304             2260.28
          20080305             2272.81
          20080306              2220.5
          20080307             2212.49
          20080310             2169.34
          20080311             2255.76
          20080312             2243.87
          20080313             2263.61
          20080314             2212.49
          20080317             2177.01
          20080318             2268.26
          20080319             2209.96
          20080320             2258.11
          20080324             2326.75
          20080325             2341.05
          20080326             2324.36
          20080327             2280.83
          20080328             2261.18
          20080331              2279.1
          20080401             2362.75
          20080402              2361.4
          20080403              2363.3
          20080404             2370.98
          20080407             2364.83
          20080408             2348.76
          20080409             2322.12
          20080410              2351.7
          20080411             2290.24
          20080414             2275.82
          20080415             2286.04
          20080416             2350.11
          20080417             2341.83
          20080418             2402.97
          20080421             2408.04
          20080422             2376.94
          20080423             2405.21
          20080424             2428.92
          20080425             2422.93
          20080428              2424.4
          20080429              2426.1
          20080430              2412.8
          20080501             2480.71
          20080502             2476.99
          20080505             2464.12
          20080506             2483.31
          20080507             2438.49
          20080508             2451.24
          20080509             2445.52
          20080512             2488.49
          20080513             2495.12
          20080514              2496.7
          20080515             2533.73
          20080516             2528.85
          20080519             2516.09
          20080520             2492.26
          20080521             2448.27
          20080522             2464.58
          20080523             2444.67
          20080527             2481.24
          20080528              2486.7
          20080529             2508.32
          20080530             2522.66
          20080602             2491.53
          20080603             2480.48
          20080604             2503.14
          20080605             2549.94
          20080606             2474.56
          20080609             2459.46
          20080610             2448.94
          20080611             2394.01
          20080612             2404.35
          20080613              2454.5
          20080616             2474.78
          20080617             2457.73
          20080618             2429.71
          20080619             2462.06
          20080620             2406.09
          20080623             2385.74
          20080624             2368.28
          20080625             2401.26
          20080626             2321.37
          20080627             2315.63
          20080630             2292.98
          20080701             2304.97
          20080702             2251.46
          20080703             2245.38
          20080707             2243.32
          20080708             2294.44
          20080709             2234.89
          20080710             2257.85
          20080711             2239.08
          20080714             2212.87
          20080715             2215.71
          20080716             2284.85
          20080717              2312.3
          20080718             2282.78
          20080721             2279.53
          20080722             2303.96
          20080723             2325.88
          20080724             2280.11
          20080725             2310.53
          20080728             2264.22
          20080729             2319.62
          20080730             2329.72
          20080731             2325.55
          20080801             2310.96
          20080804             2285.56
          20080805             2349.83
          20080806             2378.37
          20080807             2355.73
          20080808              2414.1
          20080811             2439.95
          20080812             2430.61
          20080813             2428.62
          20080814             2453.67
          20080815             2452.52
          20080818             2416.98
          20080819             2384.36
          20080820             2389.08
          20080821             2380.38
          20080822             2414.71
          20080825             2365.59
          20080826             2361.97
          20080827             2382.46
          20080828             2411.64
          20080829             2367.52
          20080902             2349.24
          20080903             2333.73
          20080904             2259.04
          20080905             2255.88
          20080908             2269.76
          20080909             2209.81
          20080910              2228.7
          20080911             2258.22
          20080912             2261.27
          20080915             2179.91
          20080916              2207.9
          20080917             2098.85
          20080918              2199.1
          20080919              2273.9
          20080922             2178.98
          20080923             2153.33
          20080924             2155.68
          20080925             2186.57
          20080926             2183.34
          20080929             1983.73
          20080930             2091.88
          20081001              2069.4
          20081002             1976.72
          20081003             1947.39
          20081006             1862.96
          20081007             1754.88
          20081008             1740.33
          20081009             1645.12
          20081010             1649.51
          20081013             1844.25
          20081014             1779.01
          20081015             1628.33
          20081016             1717.71
          20081017             1711.29
          20081020             1770.03
          20081021             1696.68
          20081022             1615.75
          20081023             1603.91
          20081024             1552.03
          20081027              1505.9
          20081028             1649.47
          20081029             1657.21
          20081030             1698.52
          20081031             1720.95
          20081103             1726.33
          20081104             1780.12
          20081105             1681.64
          20081106              1608.7
          20081107              1647.4
          20081110             1616.74
          20081111              1580.9
          20081112             1499.21
          20081113              1596.7
          20081114             1516.85
          20081117             1482.05
          20081118             1483.27
          20081119             1386.42
          20081120             1316.12
          20081121             1384.35
          20081124             1472.02
          20081125             1464.73
          20081126              1532.1
          20081128             1535.57
          20081201             1398.07
          20081202              1449.8
          20081203             1492.38
          20081204             1445.56
          20081205             1509.31
          20081208             1571.74
          20081209             1547.34
          20081210             1565.48
          20081211             1507.88
          20081212             1540.72
          20081215             1508.34
          20081216             1589.89
          20081217             1579.31
          20081218             1552.37
          20081219             1564.32
          20081222             1532.35
          20081223             1521.54
          20081224              1524.9
          20081226             1530.24
          20081229             1510.32
          20081230              1550.7
          20081231             1577.03
          20090102             1632.21
          20090105             1628.03
          20090106             1652.38
          20090107             1599.06
          20090108             1617.01
          20090109             1571.59
          20090112             1538.79
          20090113             1546.46
          20090114             1489.64
          20090115             1511.84
          20090116             1529.33
          20090120             1440.86
          20090121             1507.07
          20090122             1465.49
          20090123             1477.29
          20090126             1489.46
          20090127              1504.9
          20090128             1558.34
          20090129             1507.84
          20090130             1476.42
          20090202             1494.43
          20090203              1516.3
          20090204             1515.05
          20090205             1546.24
          20090206             1591.71
          20090209             1591.56
          20090210             1524.73
          20090211              1530.5
          20090212             1541.71
          20090213             1534.36
          20090217             1470.66
          20090218             1467.97
          20090219             1442.82
          20090220             1441.23
          20090223             1387.72
          20090224             1441.83
          20090225             1425.43
          20090226             1391.47
          20090227             1377.84
          20090302             1322.85
          20090303             1321.01
          20090304             1353.74
          20090305             1299.59
          20090306             1293.85
          20090309             1268.64
          20090310             1358.28
          20090311             1371.64
          20090312              1426.1
          20090313              1431.5
          20090316             1404.02
          20090317             1462.11
          20090318             1491.22
          20090319             1483.48
          20090320             1457.27
          20090323             1555.77
          20090324             1516.52
          20090325             1528.95
          20090326                1587
          20090327              1545.2
          20090330              1501.8
          20090331             1528.59
          20090401              1551.6
          20090402             1602.63
          20090403             1621.87
          20090406             1606.71
          20090407             1561.61
          20090408             1590.66
          20090409             1652.54
          20090413             1653.31
          20090414             1625.72
          20090415              1626.8
          20090416             1670.44
          20090417             1673.07
          20090420             1608.21
          20090421             1643.85
          20090422             1646.12
          20090423             1652.21
          20090424             1694.29
          20090427             1679.41
          20090428             1673.81
          20090429             1711.94
          20090430              1717.3
          20090501              1719.2
          20090504             1763.56
          20090505             1754.12
          20090506              1759.1
          20090507             1716.24
          20090508                1739
          20090511             1731.24
          20090512             1715.92
          20090513             1664.19
          20090514             1689.21
          20090515             1680.14
          20090518             1732.36
          20090519             1734.54
          20090520             1727.84
          20090521             1695.25
          20090522             1692.01
          20090526             1750.43
          20090527             1731.08
          20090528             1751.79
          20090529             1774.33
          20090601             1828.68
          20090602              1836.8
          20090603             1825.92
          20090604             1850.02
          20090605             1849.42
          20090608              1842.4
          20090609             1860.13
          20090610             1853.08
          20090611             1862.37
          20090612              1858.8
          20090615             1816.38
          20090616             1796.18
          20090617             1808.06
          20090618             1807.72
          20090619             1827.47
          20090622             1766.19
          20090623             1764.92
          20090624             1792.34
          20090625             1829.54
          20090626             1838.22
          20090629             1844.06
          20090630             1835.04
          20090701             1845.72
          20090702             1796.52
          20090706              1787.4
          20090707             1746.17
          20090708             1747.17
          20090709             1752.55
          20090710             1756.03
          20090713             1793.21
          20090714             1799.73
          20090715              1862.9
          20090716             1885.03
          20090717             1886.61
          20090720             1909.29
          20090721              1916.2
          20090722             1926.38
          20090723              1973.6
          20090724             1965.96
          20090727             1967.89
          20090728             1975.51
          20090729             1967.76
          20090730              1984.3
          20090731              1978.5
          20090803             2008.61
          20090804             2011.31
          20090805             1993.05
          20090806             1973.16
          20090807             2000.25
          20090810             1992.24
          20090811             1969.73
          20090812             1998.72
          20090813             2009.35
          20090814             1985.52
          20090817             1930.84
          20090818             1955.92
          20090819             1969.24
          20090820             1989.22
          20090821              2020.9
          20090824             2017.98
          20090825             2024.23
          20090826             2024.43
          20090827             2027.73
          20090828             2028.77
          20090831             2009.06
          20090901             1968.89
          20090902             1967.07
          20090903              1983.2
          20090904             2018.78
          20090908             2037.77
          20090909             2060.39
          20090910             2084.02
          20090911              2080.9
          20090914             2091.78
          20090915             2102.64
          20090916             2133.15
          20090917             2126.75
          20090918             2132.86
          20090921             2138.04
          20090922              2146.3
          20090923             2131.42
          20090924             2107.61
          20090925             2090.92
          20090928             2130.74
          20090929             2124.04
          20090930             2122.42
          20091001             2057.48
          20091002             2048.11
          20091005             2068.15
          20091006             2103.57
          20091007             2110.33
          20091008             2123.93
          20091009             2139.28
          20091012             2139.14
          20091013             2139.89
          20091014             2172.23
          20091015             2173.29
          20091016              2156.8
          20091019             2176.32
          20091020             2163.47
          20091021             2150.73
          20091022             2165.29
          20091023             2154.47
          20091026             2141.85
          20091027             2116.09
          20091028             2059.61
          20091029             2097.55
          20091030             2045.11
          20091102              2049.2
          20091103             2057.32
          20091104             2055.52
          20091105             2105.32
          20091106             2112.44
          20091109             2154.06
          20091110             2151.08
          20091111              2166.9
          20091112             2149.02
          20091113             2167.88
          20091116             2197.85
          20091117             2203.78
          20091118             2193.14
          20091119             2156.82
          20091120             2146.04
          20091123             2176.01
          20091124             2169.18
          20091125             2176.05
          20091127             2138.44
          20091130              2144.6
          20091201             2175.81
          20091202             2185.03
          20091203             2173.14
          20091204             2194.35
          20091207             2189.61
          20091208             2172.99
          20091209             2183.73
          20091210             2190.86
          20091211             2190.31
          20091214              2212.1
          20091215             2201.05
          20091216             2206.91
          20091217             2180.05
          20091218             2211.69
          20091221             2237.66
          20091222             2252.67
          20091223             2269.64
          20091224             2285.69
          20091228             2291.08
          20091229              2288.4
          20091230             2291.28
          20091231             2269.15
          20100104             2308.42
          20100105             2308.71
          20100106             2301.09
          20100107             2300.05
          20100108             2317.17
          20100111             2312.41
          20100112             2282.31
          20100113              2307.9
          20100114             2316.74
          20100115             2287.99
          20100119              2320.4
          20100120             2291.25
          20100121              2265.7
          20100122             2205.29
          20100125              2210.8
          20100126             2203.73
          20100127             2221.41
          20100128                2179
          20100129             2147.35
          20100201              2171.2
          20100202             2190.06
          20100203             2190.91
          20100204             2125.43
          20100205             2141.12
          20100208             2126.05
          20100209             2150.87
          20100210             2147.87
          20100211             2177.41
          20100212             2183.53
          20100216             2214.19
          20100217             2226.29
          20100218             2241.71
          20100219             2243.87
          20100222             2242.03
          20100223             2213.44
          20100224              2235.9
          20100225             2234.22
          20100226             2238.26
          20100301             2273.57
          20100302             2280.79
          20100303             2280.68
          20100304             2292.31
          20100305             2326.35
          20100308             2332.21
          20100309             2340.68
          20100310             2358.95
          20100311             2368.46
          20100312             2367.66
          20100315             2362.21
          20100316             2378.01
          20100317             2389.09
          20100318             2391.28
          20100319             2374.41
          20100322              2395.4
          20100323             2415.24
          20100324             2398.76
          20100325             2397.41
          20100326             2395.13
          20100329             2404.36
          20100330             2410.69
          20100331             2397.96
          20100401             2402.58
          20100405             2429.53
          20100406             2436.81
          20100407             2431.16
          20100408             2436.81
          20100409             2454.05
          20100412             2457.87
          20100413             2465.99
          20100414             2504.86
          20100415             2515.69
          20100416             2481.26
          20100419             2480.11
          20100420             2500.31
          20100421             2504.61
          20100422             2519.07
          20100423             2530.15
          20100426             2522.95
          20100427             2471.47
          20100428             2471.73
          20100429             2511.92
          20100430             2461.19
          20100503             2498.74
          20100504             2424.25
          20100505             2402.29
          20100506             2319.64
          20100507             2265.64
          20100510             2374.67
          20100511             2375.31
          20100512             2425.02
          20100513             2394.36
          20100514             2346.85
          20100517             2354.23
          20100518             2317.26
          20100519             2298.37
          20100520             2204.01
          20100521             2229.04
          20100524             2213.55
          20100525             2210.95
          20100526             2195.88
          20100527             2277.68
          20100528             2257.04
          20100601             2222.33
          20100602             2281.07
          20100603             2303.03
          20100604             2219.17
          20100607              2173.9
          20100608             2170.57
          20100609             2158.85
          20100610             2218.71
          20100611              2243.6
          20100614             2243.96
          20100615             2305.88
          20100616             2305.93
          20100617             2307.16
          20100618              2309.8
          20100621             2289.09
          20100622              2261.8
          20100623             2254.23
          20100624             2217.42
          20100625             2223.48
          20100628             2220.65
          20100629             2135.18
          20100630             2109.24
          20100701             2101.36
          20100702             2091.79
          20100706             2093.88
          20100707             2159.47
          20100708              2175.4
          20100709             2196.45
          20100712             2198.36
          20100713             2242.03
          20100714             2249.84
          20100715             2249.08
          20100716             2179.05
          20100719             2198.23
          20100720             2222.49
          20100721             2187.33
          20100722             2245.89
          20100723             2269.47
          20100726             2296.43
          20100727             2288.25
          20100728             2264.56
          20100729             2251.69
          20100730              2254.7
          20100802             2295.36
          20100803             2283.52
          20100804             2303.57
          20100805             2293.06
          20100806             2288.47
          20100809             2305.69
          20100810             2277.17
          20100811             2208.63
          20100812             2190.27
          20100813             2173.48
          20100816             2181.87
          20100817             2209.44
          20100818              2215.7
          20100819             2178.95
          20100820             2179.76
          20100823             2159.63
          20100824             2123.76
          20100825             2141.54
          20100826             2118.69
          20100827             2153.63
          20100830             2119.97
          20100831             2114.03
          20100901             2176.84
          20100902             2200.01
          20100903             2233.75
          20100907             2208.89
          20100908             2228.87
          20100909              2236.2
          20100910             2242.48
          20100913             2285.71
          20100914             2289.77
          20100915             2301.32
          20100916             2303.25
          20100917             2315.61
          20100920             2355.83
          20100921             2349.35
          20100922             2334.55
          20100923             2327.08
          20100924             2381.22
          20100927             2369.77
          20100928             2379.59
          20100929             2376.56
          20100930             2368.62
          20101001             2370.75
          20101004             2344.52
          20101005             2399.83
          20101006             2380.66
          20101007             2383.67
          20101008             2401.91
          20101011             2402.33
          20101012             2417.92
          20101013             2441.23
          20101014             2435.38
          20101015             2468.77
          20101018             2480.66
          20101019             2436.95
          20101020             2457.39
          20101021             2459.67
          20101022             2479.39
          20101025             2490.85
          20101026             2497.29
          20101027             2503.26
          20101028             2507.37
          20101029             2507.41
          20101101             2504.84
          20101102             2533.52
          20101103             2540.27
          20101104             2577.34
          20101105             2578.98
          20101108             2580.05
          20101109             2562.98
          20101110             2578.78
          20101111             2555.52
          20101112             2518.21
          20101115             2513.82
          20101116             2469.84
          20101117             2476.01
          20101118              2514.4
          20101119             2518.12
          20101122             2532.02
          20101123             2494.95
          20101124             2543.12
          20101126             2534.56
          20101129             2525.22
          20101130             2498.23
          20101201             2549.43
          20101202             2579.35
          20101203             2591.46
          20101206             2594.92
          20101207             2598.49
          20101208             2609.16
          20101209             2616.67
          20101210             2637.54
          20101213             2624.91
          20101214             2627.72
          20101215             2617.22
          20101216             2637.31
          20101217             2642.97
          20101220             2649.56
          20101221             2667.61
          20101222             2671.48
          20101223              2665.6
          20101227             2667.27
          20101228             2662.88
          20101229             2666.93
          20101230             2662.98
          20101231             2652.87
          20110103             2691.52
          20110104             2681.25
          20110105              2702.2
          20110106             2709.89
          20110107             2703.17
          20110110              2707.8
          20110111             2716.83
          20110112             2737.33
          20110113             2735.29
          20110114              2755.3
          20110118             2765.85
          20110119             2725.36
          20110120             2704.29
          20110121             2689.54
          20110124             2717.55
          20110125             2719.25
          20110126              2739.5
          20110127             2755.28
          20110128             2686.89
          20110131             2700.08
          20110201             2751.19
          20110202             2749.56
          20110203             2753.88
          20110204              2769.3
          20110207             2783.99
          20110208             2797.05
          20110209             2789.07
          20110210             2790.45
          20110211             2809.44
          20110214             2817.18
          20110215             2804.35
          20110216             2825.56
          20110217             2831.58
          20110218             2833.95
          20110222             2756.42
          20110223             2722.99
          20110224              2737.9
          20110225             2781.05
          20110228             2782.27
          20110301             2737.41
          20110302             2748.07
          20110303             2798.74
          20110304             2784.67
          20110307             2745.63
          20110308             2765.77
          20110309             2751.72
          20110310             2701.02
          20110311             2715.61
          20110314             2700.97
          20110315             2667.33
          20110316             2616.82
          20110317             2636.05
          20110318             2643.67
          20110321             2692.09
          20110322             2683.87
          20110323              2698.3
          20110324             2736.42
          20110325             2743.06
          20110328             2730.68
          20110329             2756.89
          20110330             2776.79
          20110331             2781.07
          20110401              2789.6
          20110404             2789.19
          20110405             2791.19
          20110406             2799.82
          20110407             2796.14
          20110408             2780.42
          20110411             2771.51
          20110412             2744.79
          20110413             2761.52
          20110414             2760.22
          20110415             2764.65
          20110418             2735.38
          20110419             2744.97
          20110420             2802.51
          20110421             2820.16
          20110425             2825.88
          20110426             2847.54
          20110427             2869.88
          20110428             2872.53
          20110429             2873.54
          20110502             2864.08
          20110503             2841.62
          20110504             2828.23
          20110505             2814.72
          20110506             2827.56
          20110509             2843.25
          20110510             2871.89
          20110511             2845.06
          20110512             2863.04
          20110513             2828.47
          20110516             2782.31
          20110517             2783.21
          20110518                2815
          20110519             2823.31
          20110520             2803.32
          20110523              2758.9
          20110524             2746.16
          20110525             2761.38
          20110526             2782.92
          20110527             2796.86
          20110531              2835.3
          20110601             2769.19
          20110602             2773.31
          20110603             2732.78
          20110606             2702.56
          20110607             2701.56
          20110608             2675.38
          20110609             2684.87
          20110610             2643.73
          20110613             2639.69
          20110614             2678.72
          20110615             2631.46
          20110616              2623.7
          20110617             2616.48
          20110620             2629.66
          20110621             2687.26
          20110622             2669.19
          20110623             2686.75
          20110624             2652.89
          20110627             2688.28
          20110628             2729.31
          20110629             2740.49
          20110630             2773.52
          20110701             2816.03
          20110705             2825.77
          20110706             2834.02
          20110707             2872.66
          20110708             2859.81
          20110711             2802.62
          20110712             2781.91
          20110713             2796.92
          20110714             2762.67
          20110715              2789.8
          20110718             2765.11
          20110719             2826.52
          20110720             2814.23
          20110721             2834.43
          20110722             2858.83
          20110725              2842.8
          20110726             2839.96
          20110727             2764.79
          20110728             2766.25
          20110729             2756.38
          20110801             2744.61
          20110802             2669.24
          20110803             2693.07
          20110804             2556.39
          20110805             2532.41
          20110808             2357.69
          20110809             2482.52
          20110810             2381.05
          20110811             2492.68
          20110812             2507.98
          20110815              2555.2
          20110816             2523.45
          20110817             2511.48
          20110818             2380.43
          20110819             2341.84
          20110822             2345.38
          20110823             2446.06
          20110824             2467.69
          20110825             2419.63
          20110826             2479.85
          20110829             2562.11
          20110830             2576.11
          20110831             2579.46
          20110901             2546.04
          20110902             2480.33
          20110906             2473.83
          20110907             2548.94
          20110908             2529.14
          20110909             2467.99
          20110912             2495.09
          20110913             2532.15
          20110914             2572.55
          20110915             2607.07
          20110916             2622.31
          20110919             2612.83
          20110920             2590.24
          20110921             2538.19
          20110922             2455.67
          20110923             2483.23
          20110926             2516.69
          20110927             2546.83
          20110928             2491.58
          20110929             2480.76
          20110930              2415.4
          20111003             2335.83
          20111004             2404.82
          20111005             2460.51
          20111006             2506.82
          20111007             2479.35
          20111010             2566.05
          20111011             2583.03
          20111012             2604.73
          20111013             2620.24
          20111014             2667.85
          20111017             2614.92
          20111018             2657.43
          20111019             2604.04
          20111020             2598.62
          20111021             2637.46
          20111024             2699.44
          20111025             2638.42
          20111026             2650.67
          20111027             2738.63
          20111028             2737.15
          20111031             2684.41
          20111101             2606.96
          20111102             2639.98
          20111103             2697.97
          20111104             2686.15
          20111107             2695.25
          20111108             2727.49
          20111109             2621.65
          20111110             2625.15
          20111111             2678.75
          20111114             2657.22
          20111115              2686.2
          20111116             2639.61
          20111117             2587.99
          20111118              2572.5
          20111121             2523.14
          20111122             2521.28
          20111123             2460.08
          20111125             2441.51
          20111128             2527.34
          20111129             2515.51
          20111130             2620.34
          20111201              2626.2
          20111202             2626.93
          20111205             2655.76
          20111206             2649.56
          20111207             2649.21
          20111208             2596.38
          20111209             2646.85
          20111212             2612.26
          20111213             2579.27
          20111214             2539.31
          20111215             2541.01
          20111216             2555.33
          20111219             2523.14
          20111220             2603.73
          20111221             2577.97
          20111222             2599.45
          20111223             2618.64
          20111227              2625.2
          20111228             2589.98
          20111229             2613.74
          20111230             2605.15
          20120103             2648.72
          20120104             2648.36
          20120105             2669.86
          20120106             2674.22
          20120109             2676.56
          20120110              2702.5
          20120111             2710.76
          20120112              2724.7
          20120113             2710.67
          20120117             2728.08
          20120118             2769.71
          20120119             2788.33
          20120120              2786.7
          20120123             2784.17
          20120124             2786.64
          20120125             2818.31
          20120126             2805.28
          20120127             2816.55
          20120130             2811.94
          20120131             2813.84
          20120201             2848.27
          20120202             2859.68
          20120203             2905.66
          20120206             2901.99
          20120207             2904.08
          20120208             2915.86
          20120209             2927.23
          20120210             2903.88
          20120213             2931.39
          20120214             2931.83
          20120215             2915.83
          20120216             2959.85
          20120217             2951.78
          20120221             2948.57
          20120222             2933.17
          20120223             2956.98
          20120224             2963.75
          20120227             2966.16
          20120228             2986.76
          20120229             2966.89
          20120301             2988.97
          20120302             2976.19
          20120305             2950.48
          20120306             2910.32
          20120307             2935.69
          20120308             2970.42
          20120309             2988.34
          20120312             2983.66
          20120313             3039.88
          20120314             3040.73
          20120315             3056.37
          20120316             3055.26
          20120319             3078.32
          20120320             3074.15
          20120321             3075.32
          20120322             3063.32
          20120323             3067.92
          20120326             3122.57
          20120327             3120.35
          20120328             3104.96
          20120329             3095.36
          20120330             3091.57
          20120402              3119.7
          20120403             3113.57
          20120404             3068.09
          20120405              3080.5
          20120409             3047.08
          20120410             2991.22
          20120411             3016.46
          20120412             3055.55
          20120413             3011.33
          20120416              2988.4
          20120417             3042.82
          20120418             3031.45
          20120419             3007.56
          20120420             3000.45
          20120423             2970.45
          20120424              2961.6
          20120425             3029.63
          20120426             3050.61
          20120427              3069.2
          20120430             3046.36
          20120501             3050.44
          20120502             3059.85
          20120503              3024.3
          20120504             2956.34
          20120507             2957.76
          20120508             2946.27
          20120509             2934.71
          20120510             2933.64
          20120511             2933.82
          20120514             2902.58
          20120515             2893.76
          20120516             2874.04
          20120517             2813.69
          20120518             2778.79
          20120521             2847.21
          20120522             2839.08
          20120523             2850.12
          20120524             2839.38
          20120525             2837.53
          20120529             2870.99
          20120530             2837.36
          20120531             2827.34
          20120601             2747.48
          20120604             2760.01
          20120605             2778.11
          20120606             2844.72
          20120607             2831.02
          20120608             2858.42
          20120611             2809.73
          20120612             2843.07
          20120613             2818.61
          20120614             2836.33
          20120615              2872.8
          20120618             2895.33
          20120619             2929.76
          20120620             2930.45
          20120621             2859.09
          20120622             2892.42
          20120625             2836.16
          20120626             2854.06
          20120627             2875.32
          20120628             2849.49
          20120629             2935.05
          20120702             2951.23
          20120703             2976.08
          20120705             2976.12
          20120706             2937.33
          20120709             2931.77
          20120710             2902.33
          20120711             2887.98
          20120712             2866.19
          20120713             2908.47
          20120716             2896.94
          20120717             2910.04
          20120718              2942.6
          20120719              2965.9
          20120720              2925.3
          20120723             2890.15
          20120724             2862.99
          20120725             2854.24
          20120726             2893.25
          20120727             2958.09
          20120730             2945.84
          20120731             2939.52
          20120801             2920.21
          20120802             2909.77
          20120803              2967.9
          20120806             2989.91
          20120807             3015.86
          20120808             3011.25
          20120809             3018.64
          20120810             3020.86
          20120813             3022.52
          20120814             3016.98
          20120815             3030.93
          20120816             3062.39
          20120817             3076.59
          20120820             3076.21
          20120821             3067.26
          20120822             3073.67
          20120823              3053.4
          20120824             3069.79
          20120827             3073.19
          20120828             3077.14
          20120829             3081.19
          20120830             3048.71
          20120831             3066.96
