  19130101    12.1
  19130201      12
  19130301      12
  19130401      12
  19130501    11.9
  19130601    11.9
  19130701      12
  19130801      12
  19130901    12.2
  19131001    12.2
  19131101    12.1
  19131201    11.9
  19140101    11.8
  19140201    11.8
  19140301    11.7
  19140401    11.7
  19140501    11.6
  19140601    11.6
  19140701    11.6
  19140801      12
  19140901    12.1
  19141001    11.7
  19141101    11.7
  19141201    11.6
  19150101    11.8
  19150201    11.8
  19150301    11.8
  19150401    11.8
  19150501    11.9
  19150601    11.8
  19150701    11.9
  19150801    11.8
  19150901    11.8
  19151001    12.1
  19151101    12.3
  19151201    12.8
  19160101    13.3
  19160201    13.5
  19160301    13.9
  19160401    14.1
  19160501    14.2
  19160601    14.3
  19160701    14.4
  19160801    14.7
  19160901      15
  19161001    15.7
  19161101    16.8
  19161201    17.1
  19170101    17.6
  19170201      18
  19170301    18.5
  19170401    19.7
  19170501    20.8
  19170601      21
  19170701    21.2
  19170801    21.5
  19170901    21.3
  19171001    21.1
  19171101    21.2
  19171201    21.2
  19180101    21.6
  19180201    21.1
  19180301    21.8
  19180401    22.1
  19180501    22.1
  19180601    22.2
  19180701    22.7
  19180801    23.2
  19180901    23.7
  19181001    23.5
  19181101    23.5
  19181201    23.5
  19190101    23.2
  19190201    22.4
  19190301    22.6
  19190401    22.9
  19190501    23.3
  19190601    23.4
  19190701    24.3
  19190801    24.9
  19190901    24.3
  19191001    24.4
  19191101    24.9
  19191201      26
  19200101    27.2
  19200201    27.1
  19200301    27.3
  19200401    28.5
  19200501    28.8
  19200601    28.7
  19200701    28.6
  19200801    27.8
  19200901    26.8
  19201001    24.9
  19201101      23
  19201201    20.8
  19210101    19.6
  19210201    18.1
  19210301    17.7
  19210401      17
  19210501    16.6
  19210601    16.1
  19210701    16.1
  19210801    16.1
  19210901    16.1
  19211001    16.2
  19211101    16.2
  19211201      16
  19220101    15.7
  19220201      16
  19220301      16
  19220401    16.1
  19220501    16.6
  19220601    16.6
  19220701    17.1
  19220801      17
  19220901    17.1
  19221001    17.2
  19221101    17.3
  19221201    17.3
  19230101    17.6
  19230201    17.8
  19230301      18
  19230401    17.9
  19230501    17.5
  19230601    17.3
  19230701      17
  19230801    16.9
  19230901    17.2
  19231001    17.1
  19231101      17
  19231201    16.9
  19240101    17.2
  19240201    17.2
  19240301      17
  19240401    16.7
  19240501    16.5
  19240601    16.4
  19240701    16.5
  19240801    16.7
  19240901    16.7
  19241001    16.9
  19241101    17.1
  19241201    17.5
  19250101    17.7
  19250201    17.9
  19250301    17.9
  19250401    17.5
  19250501    17.5
  19250601    17.7
  19250701      18
  19250801    17.9
  19250901    17.8
  19251001    17.8
  19251101      18
  19251201    17.8
  19260101    17.8
  19260201    17.6
  19260301    17.3
  19260401    17.3
  19260501    17.3
  19260601    17.3
  19260701    17.1
  19260801    17.1
  19260901    17.2
  19261001    17.1
  19261101      17
  19261201    16.9
  19270101    16.4
  19270201    16.6
  19270301    16.5
  19270401    16.3
  19270501    16.2
  19270601    16.2
  19270701    16.2
  19270801    16.4
  19270901    16.6
  19271001    16.7
  19271101    16.6
  19271201    16.6
  19280101    16.6
  19280201    16.5
  19280301    16.5
  19280401    16.7
  19280501    16.8
  19280601    16.7
  19280701    16.8
  19280801    16.8
  19280901      17
  19281001    16.7
  19281101    16.5
  19281201    16.5
  19290101    16.5
  19290201    16.4
  19290301    16.6
  19290401    16.5
  19290501    16.3
  19290601    16.4
  19290701    16.6
  19290801    16.6
  19290901    16.6
  19291001    16.4
  19291101    16.1
  19291201    16.1
  19300101    15.9
  19300201    15.7
  19300301    15.5
  19300401    15.5
  19300501    15.3
  19300601      15
  19300701    14.5
  19300801    14.5
  19300901    14.5
  19301001    14.3
  19301101      14
  19301201    13.7
  19310101    13.5
  19310201    13.2
  19310301    13.1
  19310401    12.9
  19310501    12.6
  19310601    12.4
  19310701    12.4
  19310801    12.4
  19310901    12.3
  19311001    12.1
  19311101    12.1
  19311201    11.8
  19320101    11.6
  19320201    11.4
  19320301    11.4
  19320401    11.3
  19320501    11.1
  19320601      11
  19320701    11.1
  19320801    11.2
  19320901    11.3
  19321001    11.1
  19321101      11
  19321201    10.8
  19330101    10.5
  19330201    10.3
  19330301    10.4
  19330401    10.4
  19330501    10.8
  19330601    11.2
  19330701    11.9
  19330801      12
  19330901    12.2
  19331001    12.3
  19331101    12.3
  19331201    12.2
  19340101    12.4
  19340201    12.7
  19340301    12.7
  19340401    12.7
  19340501    12.7
  19340601    12.9
  19340701    12.9
  19340801    13.2
  19340901    13.4
  19341001    13.2
  19341101    13.2
  19341201    13.3
  19350101    13.6
  19350201    13.7
  19350301    13.7
  19350401    13.8
  19350501    13.8
  19350601    13.8
  19350701    13.7
  19350801    13.9
  19350901    13.9
  19351001    13.9
  19351101    13.9
  19351201      14
  19360101    13.9
  19360201    13.9
  19360301    13.7
  19360401    13.7
  19360501    13.5
  19360601    13.7
  19360701    13.9
  19360801      14
  19360901      14
  19361001      14
  19361101    14.2
  19361201    14.5
  19370101    14.8
  19370201    14.9
  19370301    15.1
  19370401    15.2
  19370501    15.1
  19370601      15
  19370701    15.2
  19370801    15.1
  19370901    15.1
  19371001    14.7
  19371101    14.4
  19371201    14.1
  19380101      14
  19380201    13.8
  19380301    13.7
  19380401    13.5
  19380501    13.5
  19380601    13.5
  19380701    13.6
  19380801    13.4
  19380901    13.5
  19381001    13.4
  19381101    13.4
  19381201    13.3
  19390101    13.3
  19390201    13.3
  19390301    13.2
  19390401    13.1
  19390501    13.1
  19390601      13
  19390701      13
  19390801    12.9
  19390901    13.6
  19391001    13.7
  19391101    13.6
  19391201    13.7
  19400101    13.7
  19400201    13.6
  19400301    13.5
  19400401    13.5
  19400501    13.5
  19400601    13.4
  19400701    13.4
  19400801    13.4
  19400901    13.4
  19401001    13.6
  19401101    13.7
  19401201    13.8
  19410101    13.9
  19410201    13.9
  19410301      14
  19410401    14.4
  19410501    14.6
  19410601      15
  19410701    15.3
  19410801    15.6
  19410901    15.8
  19411001    15.9
  19411101    15.9
  19411201    16.2
  19420101    16.5
  19420201    16.7
  19420301    16.8
  19420401      17
  19420501      17
  19420601      17
  19420701      17
  19420801    17.1
  19420901    17.2
  19421001    17.2
  19421101    17.3
  19421201    17.4
  19430101    17.5
  19430201    17.7
  19430301    17.8
  19430401    17.9
  19430501    17.9
  19430601    17.9
  19430701    17.8
  19430801    17.8
  19430901    17.8
  19431001    17.8
  19431101    17.7
  19431201    17.8
  19440101    17.8
  19440201    17.8
  19440301    17.9
  19440401    17.9
  19440501    17.9
  19440601      18
  19440701    17.9
  19440801    17.9
  19440901    17.9
  19441001    17.9
  19441101      18
  19441201      18
  19450101    18.1
  19450201    18.1
  19450301    18.1
  19450401    18.2
  19450501    18.3
  19450601    18.3
  19450701    18.3
  19450801    18.2
  19450901    18.1
  19451001    18.2
  19451101    18.4
  19451201    18.4
  19460101    18.4
  19460201    18.5
  19460301    18.8
  19460401      19
  19460501    19.1
  19460601    19.4
  19460701    21.5
  19460801    22.2
  19460901    21.4
  19461001    23.1
  19461101    24.1
  19461201    24.3
  19470101    24.5
  19470201    24.7
  19470301    25.3
  19470401    25.1
  19470501      25
  19470601      25
  19470701    25.3
  19470801    25.6
  19470901    26.1
  19471001    26.4
  19471101    26.7
  19471201    27.2
  19480101    27.7
  19480201    27.2
  19480301    27.2
  19480401    27.4
  19480501    27.5
  19480601    27.7
  19480701      28
  19480801    28.2
  19480901    28.1
  19481001    27.8
  19481101    27.8
  19481201    27.6
  19490101    27.3
  19490201    26.8
  19490301    26.8
  19490401    26.5
  19490501    26.3
  19490601      26
  19490701      26
  19490801      26
  19490901    26.1
  19491001      26
  19491101      26
  19491201    25.9
  19500101    25.9
  19500201    26.1
  19500301    26.1
  19500401    26.1
  19500501    26.4
  19500601    26.6
  19500701    27.3
  19500801    27.9
  19500901    28.4
  19501001    28.6
  19501101      29
  19501201    29.7
  19510101    30.5
  19510201    30.9
  19510301    30.9
  19510401    30.8
  19510501    30.7
  19510601    30.5
  19510701    30.3
  19510801    30.1
  19510901    30.1
  19511001    30.1
  19511101    30.1
  19511201    30.1
  19520101      30
  19520201    29.8
  19520301    29.8
  19520401    29.6
  19520501    29.6
  19520601    29.5
  19520701    29.6
  19520801    29.8
  19520901    29.6
  19521001    29.5
  19521101    29.3
  19521201    29.1
  19530101    29.1
  19530201    29.1
  19530301    29.2
  19530401      29
  19530501    29.1
  19530601      29
  19530701    29.4
  19530801    29.3
  19530901    29.4
  19531001    29.2
  19531101    29.1
  19531201    29.2
  19540101    29.4
  19540201    29.3
  19540301    29.3
  19540401    29.4
  19540501    29.4
  19540601    29.2
  19540701    29.3
  19540801    29.3
  19540901    29.2
  19541001    29.1
  19541101    29.2
  19541201      29
  19550101    29.2
  19550201    29.3
  19550301    29.2
  19550401    29.3
  19550501    29.1
  19550601    29.3
  19550701    29.3
  19550801    29.4
  19550901    29.6
  19551001    29.6
  19551101    29.5
  19551201    29.5
  19560101    29.7
  19560201    29.8
  19560301    29.9
  19560401    30.1
  19560501    30.3
  19560601    30.3
  19560701    30.2
  19560801    30.4
  19560901    30.6
  19561001    30.6
  19561101    30.7
  19561201    30.8
  19570101      31
  19570201      31
  19570301      31
  19570401    31.1
  19570501      31
  19570601    31.1
  19570701    31.3
  19570801    31.4
  19570901    31.3
  19571001    31.2
  19571101    31.3
  19571201    31.4
  19580101    31.5
  19580201    31.5
  19580301    31.7
  19580401    31.6
  19580501    31.7
  19580601    31.6
  19580701    31.6
  19580801    31.6
  19580901    31.6
  19581001    31.5
  19581101    31.6
  19581201    31.6
  19590101    31.7
  19590201    31.7
  19590301    31.7
  19590401    31.8
  19590501    31.8
  19590601    31.7
  19590701    31.7
  19590801    31.6
  19590901    31.7
  19591001    31.6
  19591101    31.5
  19591201    31.5
  19600101    31.6
  19600201    31.6
  19600301    31.8
  19600401    31.8
  19600501    31.7
  19600601    31.7
  19600701    31.7
  19600801    31.6
  19600901    31.6
  19601001    31.7
  19601101    31.7
  19601201    31.7
  19610101    31.8
  19610201    31.8
  19610301    31.8
  19610401    31.6
  19610501    31.5
  19610601    31.3
  19610701    31.5
  19610801    31.5
  19610901    31.5
  19611001    31.5
  19611101    31.5
  19611201    31.6
  19620101    31.7
  19620201    31.7
  19620301    31.7
  19620401    31.6
  19620501    31.5
  19620601    31.5
  19620701    31.6
  19620801    31.6
  19620901    31.9
  19621001    31.7
  19621101    31.7
  19621201    31.6
  19630101    31.6
  19630201    31.5
  19630301    31.5
  19630401    31.4
  19630501    31.5
  19630601    31.6
  19630701    31.7
  19630801    31.6
  19630901    31.6
  19631001    31.6
  19631101    31.7
  19631201    31.6
  19640101    31.8
  19640201    31.6
  19640301    31.6
  19640401    31.6
  19640501    31.5
  19640601    31.5
  19640701    31.6
  19640801    31.6
  19640901    31.7
  19641001    31.7
  19641101    31.7
  19641201    31.7
  19650101    31.8
  19650201    31.9
  19650301    31.9
  19650401      32
  19650501    32.1
  19650601    32.4
  19650701    32.4
  19650801    32.4
  19650901    32.4
  19651001    32.5
  19651101    32.6
  19651201    32.8
  19660101    32.9
  19660201    33.2
  19660301    33.2
  19660401    33.2
  19660501    33.2
  19660601    33.3
  19660701    33.5
  19660801    33.6
  19660901    33.6
  19661001    33.4
  19661101    33.3
  19661201    33.3
  19670101    33.4
  19670201    33.4
  19670301    33.3
  19670401    33.1
  19670501    33.3
  19670601    33.5
  19670701    33.5
  19670801    33.4
  19670901    33.4
  19671001    33.4
  19671101    33.4
  19671201    33.7
  19680101    33.8
  19680201      34
  19680301    34.1
  19680401    34.1
  19680501    34.2
  19680601    34.2
  19680701    34.3
  19680801    34.2
  19680901    34.4
  19681001    34.4
  19681101    34.5
  19681201    34.6
  19690101    34.8
  19690201      35
  19690301    35.2
  19690401    35.3
  19690501    35.5
  19690601    35.7
  19690701    35.8
  19690801    35.7
  19690901    35.8
  19691001    35.9
  19691101    36.1
  19691201    36.3
  19700101    36.5
  19700201    36.7
  19700301    36.7
  19700401    36.8
  19700501    36.8
  19700601    36.9
  19700701    37.1
  19700801    36.9
  19700901    37.1
  19701001    37.1
  19701101    37.1
  19701201    37.1
  19710101    37.3
  19710201    37.7
  19710301    37.8
  19710401    37.9
  19710501    38.1
  19710601    38.2
  19710701    38.3
  19710801    38.5
  19710901    38.3
  19711001    38.3
  19711101    38.3
  19711201    38.6
  19720101    38.8
  19720201    39.2
  19720301    39.2
  19720401    39.3
  19720501    39.5
  19720601    39.7
  19720701      40
  19720801    40.1
  19720901    40.2
  19721001    40.1
  19721101    40.3
  19721201    41.1
  19730101    41.6
  19730201    42.4
  19730301    43.4
  19730401    43.6
  19730501    44.5
  19730601    45.5
  19730701    44.9
  19730801    47.5
  19730901    46.7
  19731001    46.3
  19731101    46.5
  19731201    47.4
  19740101      49
  19740201      50
  19740301    50.6
  19740401      51
  19740501    51.8
  19740601      52
  19740701      54
  19740801    55.9
  19740901    55.9
  19741001    56.9
  19741101    57.4
  19741201    57.3
  19750101    57.4
  19750201    57.2
  19750301    56.9
  19750401    57.5
  19750501    57.9
  19750601      58
  19750701    58.7
  19750801      59
  19750901    59.4
  19751001    59.8
  19751101    59.5
  19751201    59.7
  19760101    59.9
  19760201    59.9
  19760301      60
  19760401    60.6
  19760501    60.8
  19760601    61.2
  19760701    61.6
  19760801    61.4
  19760901    61.8
  19761001    61.9
  19761101      62
  19761201    62.5
  19770101    62.8
  19770201    63.5
  19770301    64.1
  19770401    64.9
  19770501    65.2
  19770601      65
  19770701    65.1
  19770801      65
  19770901    65.3
  19771001    65.6
  19771101    65.8
  19771201    66.2
  19780101    66.8
  19780201    67.5
  19780301    68.1
  19780401      69
  19780501    69.5
  19780601      70
  19780701    70.4
  19780801    70.4
  19780901      71
  19781001    71.8
  19781101    72.1
  19781201    72.7
  19790101    73.8
  19790201    74.9
  19790301    75.8
  19790401    76.9
  19790501    77.5
  19790601      78
  19790701    79.2
  19790801    79.6
  19790901    80.9
  19791001    82.1
  19791101    82.6
  19791201    83.4
  19800101    85.2
  19800201    86.9
  19800301    87.5
  19800401    87.8
  19800501    88.3
  19800601    88.7
  19800701    90.3
  19800801    91.5
  19800901    91.7
  19801001    92.8
  19801101    93.2
  19801201    93.8
  19810101    95.2
  19810201    96.1
  19810301      97
  19810401      98
  19810501    98.3
  19810601    98.5
  19810701      99
  19810801      99
  19810901    98.8
  19811001    98.9
  19811101    98.8
  19811201    98.8
  19820101    99.7
  19820201    99.8
  19820301    99.6
  19820401    99.6
  19820501    99.8
  19820601     100
  19820701   100.4
  19820801   100.3
  19820901     100
  19821001   100.2
  19821101   100.3
  19821201   100.5
  19830101   100.2
  19830201   100.5
  19830301   100.4
  19830401   100.4
  19830501   100.8
  19830601     101
  19830701   101.3
  19830801   101.8
  19830901     102
  19831001   102.2
  19831101   102.1
  19831201   102.3
  19840101   102.9
  19840201   103.2
  19840301   103.9
  19840401     104
  19840501   104.1
  19840601     104
  19840701   104.2
  19840801   103.8
  19840901   103.4
  19841001   103.4
  19841101   103.7
  19841201   103.5
  19850101   103.4
  19850201   103.3
  19850301   103.1
  19850401   103.3
  19850501   103.5
  19850601   103.3
  19850701   103.2
  19850801   102.7
  19850901   102.1
  19851001   102.9
  19851101   103.4
  19851201   103.6
  19860101   103.2
  19860201   101.7
  19860301   100.3
  19860401    99.6
  19860501     100
  19860601    99.9
  19860701    99.4
  19860801    99.3
  19860901    99.4
  19861001    99.7
  19861101    99.8
  19861201    99.7
  19870101   100.5
  19870201     101
  19870301   101.2
  19870401   101.9
  19870501   102.6
  19870601     103
  19870701   103.5
  19870801   103.8
  19870901   103.7
  19871001   104.1
  19871101   104.2
  19871201   104.2
  19880101   104.6
  19880201   104.8
  19880301   104.9
  19880401   105.8
  19880501   106.5
  19880601   107.2
  19880701   107.9
  19880801     108
  19880901   108.1
  19881001   108.2
  19881101   108.3
  19881201     109
  19890101   110.5
  19890201   110.8
  19890301   111.5
  19890401   112.3
  19890501   113.2
  19890601   112.9
  19890701   112.8
  19890801     112
  19890901   112.4
  19891001   112.8
  19891101   112.7
  19891201     113
  19900101   114.9
  19900201   114.4
  19900301   114.2
  19900401   114.1
  19900501   114.6
  19900601   114.3
  19900701   114.5
  19900801   116.5
  19900901   118.4
  19901001   120.8
  19901101   120.1
  19901201   118.7
  19910101     119
  19910201   117.2
  19910301   116.2
  19910401     116
  19910501   116.5
  19910601   116.4
  19910701   116.1
  19910801   116.2
  19910901   116.1
  19911001   116.4
  19911101   116.4
  19911201   115.9
  19920101   115.6
  19920201     116
  19920301   116.1
  19920401   116.3
  19920501   117.2
  19920601     118
  19920701   117.9
  19920801   117.7
  19920901     118
  19921001   118.1
  19921101   117.8
  19921201   117.6
  19930101     118
  19930201   118.4
  19930301   118.7
  19930401   119.3
  19930501   119.7
  19930601   119.5
  19930701   119.2
  19930801   118.7
  19930901   118.7
  19931001   119.1
  19931101     119
  19931201   118.6
  19940101   119.1
  19940201   119.3
  19940301   119.7
  19940401   119.7
  19940501   119.9
  19940601   120.5
  19940701   120.7
  19940801   121.2
  19940901     121
  19941001   120.9
  19941101   121.5
  19941201   121.9
  19950101   122.9
  19950201   123.5
  19950301   123.9
  19950401   124.6
  19950501   124.9
  19950601   125.3
  19950701   125.3
  19950801   125.1
  19950901   125.2
  19951001   125.3
  19951101   125.4
  19951201   125.7
  19960101   126.3
  19960201   126.2
  19960301   126.4
  19960401   127.4
  19960501   128.1
  19960601     128
  19960701     128
  19960801   128.3
  19960901   128.2
  19961001     128
  19961101   128.2
  19961201   129.1
  19970101   129.7
  19970201   128.5
  19970301   127.3
  19970401     127
  19970501   127.4
  19970601   127.2
  19970701   126.9
  19970801   127.2
  19970901   127.5
  19971001   127.8
  19971101   127.9
  19971201   126.8
  19980101   125.4
  19980201     125
  19980301   124.7
  19980401   124.9
  19980501   125.1
  19980601   124.8
  19980701   124.9
  19980801   124.2
  19980901   123.8
  19981001     124
  19981101   123.6
  19981201   122.8
  19990101   122.9
  19990201   122.3
  19990301   122.6
  19990401   123.6
  19990501   124.7
  19990601   125.2
  19990701   125.7
  19990801   126.9
  19990901     128
  19991001   127.7
  19991101   128.3
  19991201   127.8
  20000101   128.3
  20000201   129.8
  20000301   130.8
  20000401   130.7
  20000501   131.6
  20000601   133.8
  20000701   133.7
  20000801   132.9
  20000901   134.7
  20001001   135.4
  20001101     135
  20001201   136.2
  20010101     140
  20010201   137.4
  20010301   135.9
  20010401   136.4
  20010501   136.8
  20010601   135.5
  20010701   133.4
  20010801   133.4
  20010901   133.3
  20011001   130.3
  20011101   129.8
  20011201   128.1
  20020101   128.5
  20020201   128.4
  20020301   129.8
  20020401   130.8
  20020501   130.8
  20020601   130.9
  20020701   131.2
  20020801   131.5
  20020901   132.3
  20021001   133.2
  20021101   133.1
  20021201   132.9
  20030101   135.3
  20030201   137.6
  20030301   141.2
  20030401   136.8
  20030501   136.7
  20030601     138
  20030701   137.7
  20030801     138
  20030901   138.5
  20031001   139.3
  20031101   138.9
  20031201   139.5
  20040101   141.4
  20040201   142.1
  20040301   143.1
  20040401   144.8
  20040501   146.8
  20040601   147.2
  20040701   147.4
  20040801     148
  20040901   147.7
  20041001     150
  20041101   151.4
  20041201   150.2
  20050101   150.9
  20050201   151.6
  20050301   153.7
  20050401     155
  20050501   154.3
  20050601   154.3
  20050701   156.3
  20050801   157.6
  20050901   162.2
  20051001   166.2
  20051101   163.7
  20051201     163
  20060101   164.3
  20060201   161.8
  20060301   162.2
  20060401   164.3
  20060501   165.8
  20060601   166.1
  20060701   166.8
  20060801   167.9
  20060901   165.4
  20061001   162.2
  20061101   164.6
  20061201   165.6
  20070101     164
  20070201   166.8
  20070301   169.3
  20070401   171.4
  20070501   173.3
  20070601   173.8
  20070701   175.1
  20070801   172.4
  20070901   173.5
  20071001   174.7
  20071101     179
  20071201   178.6
  20080101     181
  20080201   182.7
  20080301   187.9
  20080401   190.9
  20080501   196.6
  20080601   200.5
  20080701   205.5
  20080801     199
  20080901   196.9
  20081001   186.4
  20081101   176.8
  20081201   170.9
  20090101   171.2
  20090201   169.3
  20090301   168.1
  20090401   169.1
  20090501   170.8
  20090601   174.1
  20090701   172.5
  20090801     175
  20090901   174.1
  20091001   175.2
  20091101   177.4
  20091201   178.1
  20100101   181.9
  20100201     181
  20100301   183.3
  20100401   184.4
  20100501   184.8
  20100601   183.5
  20100701   184.1
  20100801   184.9
  20100901   184.9
  20101001   186.6
  20101101   187.7
  20101201   189.7
  20110101   192.7
  20110201   195.8
  20110301   199.2
  20110401   203.1
  20110501   204.1
  20110601   203.9
  20110701   204.6
  20110801   203.2
  20110901   203.7
  20111001   201.1
  20111101   201.4
  20111201   199.8
  20120101   200.7
  20120201   201.6
  20120301   204.2
  20120401   203.7
  20120501   201.9
  20120601   199.8
  20120701   200.1
