            19570101               44.72
            19570201               43.26
            19570301               44.11
            19570401               45.74
            19570501               47.43
            19570601               47.37
            19570701               47.91
            19570801               45.22
            19570901               42.42
            19571001               41.06
            19571101               41.72
            19571201               39.99
            19580101                41.7
            19580201               40.84
            19580301                42.1
            19580401               43.44
            19580501               44.09
            19580601               45.24
            19580701               47.19
            19580801               47.75
            19580901               50.06
            19581001               51.33
            19581101               52.48
            19581201               55.21
            19590101               55.42
            19590201               55.41
            19590301               55.44
            19590401               57.59
            19590501               58.68
            19590601               58.47
            19590701               60.51
            19590801                59.6
            19590901               56.88
            19591001               57.52
            19591101               58.28
            19591201               59.89
            19600101               55.61
            19600201               56.12
            19600301               55.34
            19600401               54.37
            19600501               55.83
            19600601               56.92
            19600701               55.51
            19600801               56.96
            19600901               53.52
            19601001               53.39
            19601101               55.54
            19601201               58.11
            19610101               61.78
            19610201               63.44
            19610301               65.06
            19610401               65.31
            19610501               66.56
            19610601               64.64
            19610701               66.76
            19610801               68.07
            19610901               66.73
            19611001               68.62
            19611101               71.32
            19611201               71.55
            19620101               68.84
            19620201               69.96
            19620301               69.55
            19620401               65.24
            19620501               59.63
            19620601               54.75
            19620701               58.23
            19620801               59.12
            19620901               56.27
            19621001               56.52
            19621101               62.26
            19621201                63.1
            19630101                66.2
            19630201               64.29
            19630301               66.57
            19630401                69.8
            19630501                70.8
            19630601               69.37
            19630701               69.13
            19630801                72.5
            19630901                71.7
            19631001               74.01
            19631101               73.23
            19631201               75.02
            19640101               77.04
            19640201                77.8
            19640301               78.98
            19640401               79.46
            19640501               80.37
            19640601               81.69
            19640701               83.18
            19640801               81.83
            19640901               84.18
            19641001               84.86
            19641101               84.42
            19641201               84.75
            19650101               87.56
            19650201               87.43
            19650301               86.16
            19650401               89.11
            19650501               88.42
            19650601               84.12
            19650701               85.25
            19650801               87.17
            19650901               89.96
            19651001               92.42
            19651101               91.61
            19651201               92.43
            19660101               92.88
            19660201               91.22
            19660301               89.23
            19660401               91.06
            19660501               86.13
            19660601               84.74
            19660701                83.6
            19660801                77.1
            19660901               76.56
            19661001                80.2
            19661101               80.45
            19661201               80.33
            19670101               86.61
            19670201               86.78
            19670301                90.2
            19670401               94.01
            19670501               89.08
            19670601               90.64
            19670701               94.75
            19670801               93.64
            19670901               96.71
            19671001                93.9
            19671101                  94
            19671201               96.47
            19680101               92.24
            19680201               89.36
            19680301                90.2
            19680401               97.59
            19680501               98.68
            19680601               99.58
            19680701               97.74
            19680801               98.86
            19680901              102.67
            19681001              103.41
            19681101              108.37
            19681201              103.86
            19690101              103.01
            19690201               98.13
            19690301              101.51
            19690401              103.69
            19690501              103.46
            19690601               97.71
            19690701               91.83
            19690801               95.51
            19690901               93.12
            19691001               97.24
            19691101               93.81
            19691201               92.06
            19700101               85.02
            19700201                89.5
            19700301               89.63
            19700401               81.52
            19700501               76.55
            19700601               72.72
            19700701               78.05
            19700801               81.52
            19700901               84.21
            19701001               83.25
            19701101                87.2
            19701201                  92
            19710101               95.84
            19710201               96.75
            19710301              100.31
            19710401              103.86
            19710501               99.63
            19710601                99.7
            19710701                95.6
            19710801               99.03
            19710901               98.34
            19711001               94.09
            19711101               93.99
            19711201              101.95
            19720101              103.94
            19720201              106.57
            19720301               107.2
            19720401              107.67
            19720501              109.35
            19720601              107.14
            19720701              107.39
            19720801              111.09
            19720901              110.55
            19721001              111.58
            19721101              116.67
            19721201              118.05
            19730101              116.03
            19730201              111.68
            19730301              111.52
            19730401              106.97
            19730501              104.95
            19730601              104.26
            19730701              108.22
            19730801              104.25
            19730901              108.43
            19731001              108.29
            19731101               95.96
            19731201               97.55
            19740101               96.57
            19740201               96.22
            19740301               93.98
            19740401               90.31
            19740501               87.28
            19740601                  86
            19740701               79.31
            19740801               72.15
            19740901               63.54
            19741001                73.9
            19741101               69.97
            19741201               68.56
            19750101               76.98
            19750201               81.59
            19750301               83.36
            19750401                87.3
            19750501               91.15
            19750601               95.19
            19750701               88.75
            19750801               86.88
            19750901               83.87
            19751001               89.04
            19751101               91.24
            19751201               90.19
            19760101              100.86
            19760201               99.71
            19760301              102.77
            19760401              101.64
            19760501              100.18
            19760601              104.28
            19760701              103.44
            19760801              102.91
            19760901              105.24
            19761001               102.9
            19761101               102.1
            19761201              107.46
            19770101              102.03
            19770201               99.82
            19770301               98.42
            19770401               98.44
            19770501               96.12
            19770601              100.48
            19770701               98.85
            19770801               96.77
            19770901               96.53
            19771001               92.34
            19771101               94.83
            19771201                95.1
            19780101               89.25
            19780201               87.04
            19780301               89.21
            19780401               96.83
            19780501               97.24
            19780601               95.53
            19780701              100.68
            19780801              103.29
            19780901              102.54
            19781001               93.15
            19781101                94.7
            19781201               96.11
            19790101               99.93
            19790201               96.28
            19790301               101.5
            19790401              101.75
            19790501               99.08
            19790601              102.91
            19790701              103.81
            19790801              109.32
            19790901              109.32
            19791001              101.82
            19791101              106.16
            19791201              107.94
            19800101              115.12
            19800201              113.66
            19800301              102.09
            19800401              106.29
            19800501              111.24
            19800601              114.24
            19800701              121.67
            19800801              122.38
            19800901              125.46
            19801001              127.47
            19801101              140.52
            19801201              135.76
            19810101              129.55
            19810201              131.27
            19810301                 136
            19810401              132.87
            19810501              132.59
            19810601              131.21
            19810701              130.92
            19810801              122.79
            19810901              116.18
            19811001              121.89
            19811101              126.35
            19811201              122.55
            19820101               120.4
            19820201              113.11
            19820301              111.96
            19820401              116.44
            19820501              111.88
            19820601              109.61
            19820701              107.09
            19820801              119.51
            19820901              120.42
            19821001              133.71
            19821101              138.54
            19821201              140.64
            19830101               145.3
            19830201              148.06
            19830301              152.96
            19830401              164.42
            19830501              162.39
            19830601              168.11
            19830701              162.56
            19830801              164.04
            19830901              166.07
            19831001              163.55
            19831101               166.4
            19831201              164.93
            19840101              163.41
            19840201              157.06
            19840301              159.18
            19840401              160.05
            19840501              150.55
            19840601              153.18
            19840701              150.66
            19840801              166.68
            19840901               166.1
            19841001              166.09
            19841101              163.58
            19841201              167.24
            19850101              179.63
            19850201              181.18
            19850301              180.66
            19850401              179.83
            19850501              189.55
            19850601              191.85
            19850701              190.92
            19850801              188.63
            19850901              182.08
            19851001              189.82
            19851101              202.17
            19851201              211.28
            19860101              211.78
            19860201              226.92
            19860301               238.9
            19860401              235.52
            19860501              247.35
            19860601              250.84
            19860701              236.12
            19860801              252.93
            19860901              231.32
            19861001              243.98
            19861101              249.22
            19861201              242.17
            19870101              274.08
            19870201               284.2
            19870301               291.7
            19870401              288.36
            19870501               290.1
            19870601                 304
            19870701              318.66
            19870801               329.8
            19870901              321.83
            19871001              251.79
            19871101               230.3
            19871201              247.08
            19880101              257.07
            19880201              267.82
            19880301              258.89
            19880401              261.33
            19880501              262.16
            19880601               273.5
            19880701              272.02
            19880801              261.52
            19880901              271.91
            19881001              278.97
            19881101               273.7
            19881201              277.72
            19890101              297.47
            19890201              288.86
            19890301              294.87
            19890401              309.64
            19890501              320.52
            19890601              317.98
            19890701              346.08
            19890801              351.45
            19890901              349.15
            19891001              340.36
            19891101              345.99
            19891201               353.4
            19900101              329.08
            19900201              331.89
            19900301              339.94
            19900401               330.8
            19900501              361.23
            19900601              358.02
            19900701              356.15
            19900801              322.56
            19900901              306.05
            19901001                 304
            19901101              322.22
            19901201              330.22
            19910101              343.93
            19910201              367.07
            19910301              375.22
            19910401              375.35
            19910501              389.83
            19910601              371.16
            19910701              387.81
            19910801              395.43
            19910901              387.86
            19911001              392.46
            19911101              375.22
            19911201              417.09
            19920101              408.79
            19920201               412.7
            19920301              403.69
            19920401              414.95
            19920501              415.35
            19920601              408.14
            19920701              424.21
            19920801              414.03
            19920901               417.8
            19921001              418.68
            19921101              431.35
            19921201              435.71
            19930101              438.78
            19930201              443.38
            19930301              451.67
            19930401              440.19
            19930501              450.19
            19930601              450.53
            19930701              448.13
            19930801              463.56
            19930901              458.93
            19931001              467.83
            19931101              461.79
            19931201              466.45
            19940101              481.61
            19940201              467.14
            19940301              445.77
            19940401              450.91
            19940501               456.5
            19940601              444.27
            19940701              458.26
            19940801              475.49
            19940901              462.69
            19941001              472.35
            19941101              453.69
            19941201              459.27
            19950101              470.42
            19950201              487.39
            19950301              500.71
            19950401              514.71
            19950501               533.4
            19950601              544.75
            19950701              562.06
            19950801              561.88
            19950901              584.41
            19951001               581.5
            19951101              605.37
            19951201              615.93
            19960101              636.02
            19960201              640.43
            19960301               645.5
            19960401              654.17
            19960501              669.12
            19960601              670.63
            19960701              639.95
            19960801              651.99
            19960901              687.31
            19961001              705.27
            19961101              757.02
            19961201              740.74
            19970101              786.16
            19970201              790.82
            19970301              757.12
            19970401              801.34
            19970501              848.28
            19970601              885.14
            19970701              954.29
            19970801              899.47
            19970901              947.28
            19971001              914.62
            19971101               955.4
            19971201              970.43
            19980101              980.28
            19980201             1049.34
            19980301             1101.75
            19980401             1111.75
            19980501             1090.82
            19980601             1133.84
            19980701             1120.67
            19980801              957.28
            19980901             1017.01
            19981001             1098.67
            19981101             1163.63
            19981201             1229.23
            19990101             1279.64
            19990201             1238.33
            19990301             1286.37
            19990401             1335.18
            19990501             1301.84
            19990601             1372.71
            19990701             1328.72
            19990801             1320.41
            19990901             1282.71
            19991001             1362.93
            19991101             1388.91
            19991201             1469.25
            20000101             1394.46
            20000201             1366.42
            20000301             1498.58
            20000401             1452.43
            20000501              1420.6
            20000601              1454.6
            20000701             1430.83
            20000801             1517.68
            20000901             1436.51
            20001001              1429.4
            20001101             1314.95
            20001201             1320.28
            20010101             1366.01
            20010201             1239.94
            20010301             1160.33
            20010401             1249.46
            20010501             1255.82
            20010601             1224.42
            20010701             1211.23
            20010801             1133.58
            20010901             1040.94
            20011001             1059.78
            20011101             1139.45
            20011201             1148.08
            20020101              1130.2
            20020201             1106.73
            20020301             1147.39
            20020401             1076.92
            20020501             1067.14
            20020601              989.81
            20020701              911.62
            20020801              916.07
            20020901              815.28
            20021001              885.76
            20021101              936.31
            20021201              879.82
            20030101               855.7
            20030201              841.15
            20030301              848.18
            20030401              916.92
            20030501              963.59
            20030601               974.5
            20030701              990.31
            20030801             1008.01
            20030901              995.97
            20031001             1050.71
            20031101              1058.2
            20031201             1111.92
            20040101             1131.13
            20040201             1144.94
            20040301             1126.21
            20040401              1107.3
            20040501             1120.68
            20040601             1140.84
            20040701             1101.72
            20040801             1104.24
            20040901             1114.58
            20041001              1130.2
            20041101             1173.82
            20041201             1211.92
            20050101             1181.27
            20050201              1203.6
            20050301             1180.59
            20050401             1156.85
            20050501              1191.5
            20050601             1191.33
            20050701             1234.18
            20050801             1220.33
            20050901             1228.81
            20051001             1207.01
            20051101             1249.48
            20051201             1248.29
            20060101             1280.08
            20060201             1280.66
            20060301             1294.83
            20060401             1310.61
            20060501             1270.09
            20060601              1270.2
            20060701             1276.66
            20060801             1303.82
            20060901             1335.85
            20061001             1377.94
            20061101             1400.63
            20061201              1418.3
            20070101             1438.24
            20070201             1406.82
            20070301             1420.86
            20070401             1482.37
            20070501             1530.62
            20070601             1503.35
            20070701             1455.27
            20070801             1473.99
            20070901             1526.75
            20071001             1549.38
            20071101             1481.14
            20071201             1468.36
            20080101             1378.55
            20080201             1330.63
            20080301              1322.7
            20080401             1385.59
            20080501             1400.38
            20080601                1280
            20080701             1267.38
            20080801             1282.83
            20080901             1166.36
            20081001              968.75
            20081101              896.24
            20081201              903.25
            20090101              825.88
            20090201              735.09
            20090301              797.87
            20090401              872.81
            20090501              919.14
            20090601              919.32
            20090701              987.48
            20090801             1020.62
            20090901             1057.08
            20091001             1036.19
            20091101             1095.63
            20091201              1115.1
            20100101             1073.87
            20100201             1104.49
            20100301             1169.43
            20100401             1186.69
            20100501             1089.41
            20100601             1030.71
            20100701              1101.6
            20100801             1049.33
            20100901              1141.2
            20101001             1183.26
            20101101             1180.55
            20101201             1257.64
            20110101             1286.12
            20110201             1327.22
            20110301             1325.83
            20110401             1363.61
            20110501              1345.2
            20110601             1320.64
            20110701             1292.28
            20110801             1218.89
            20110901             1131.42
            20111001              1253.3
            20111101             1246.96
            20111201              1257.6
            20120101             1312.41
            20120201             1365.68
            20120301             1408.47
            20120401             1397.91
            20120501             1310.33
            20120601             1362.16
            20120701             1379.32
            20120801             1406.58