        19900301  698.29
        19900401  706.18
        19900501  709.42
        19900601  715.68
        19900701  715.82
        19900801  715.42
        19900901  714.94
        19901001  715.08
        19901101  714.16
        19901201  716.05
        19910101   718.3
        19910201   722.1
        19910301  725.24
        19910401  725.44
        19910501     725
        19910601  725.92
        19910701  729.13
        19910801  731.56
        19910901  739.81
        19911001  749.63
        19911101     753
        19911201  757.35
        19920101  762.75
        19920201  766.21
        19920301  771.49
        19920401  778.42
        19920501  783.16
        19920601  789.22
        19920701     787
        19920801  789.23
        19920901  785.67
        19921001   783.5
        19921101   784.2
        19921201   788.6
        19930101  792.25
        19930201  796.34
        19930301  793.15
        19930401   795.8
        19930501  800.44
        19930601   802.6
        19930701  806.42
        19930801  808.75
        19930901  808.57
        19931001  810.21
        19931101  807.03
        19931201  809.25
        19940101  810.37
        19940201  809.14
        19940301  807.27
        19940401  808.41
        19940501  806.23
        19940601  806.58
        19940701  804.98
        19940801  803.38
        19940901  800.41
        19941001  798.68
        19941101   796.2
        19941201  791.55
        19950101  790.77
        19950201  790.93
        19950301  777.53
        19950401  766.89
        19950501  761.09
        19950601  760.83
        19950701  756.74
        19950801  768.86
        19950901  771.82
        19951001  767.07
        19951101  769.68
        19951201  771.27
        19960101   787.8
        19960201  779.97
        19960301     781
        19960401  780.21
        19960501  780.83
        19960601  799.03
        19960701  812.65
        19960801  816.98
        19960901  822.35
        19961001   827.7
        19961101  828.14
        19961201   839.8
        19970101   851.5
        19970201  866.78
        19970301  880.58
        19970401  893.56
        19970501  892.15
        19970601  889.23
        19970701  890.59
        19970801  896.55
        19970901  910.15
        19971001  926.19
        19971101 1033.23
        19971201 1499.38
        19980101 1701.53
        19980201 1626.75
        19980301 1488.87
        19980401 1388.32
        19980501 1400.13
        19980601 1395.26
        19980701 1293.73
        19980801 1312.12
        19980901 1372.58
        19981001 1336.24
        19981101 1290.21
        19981201  1211.5
        19990101    1174
        19990201 1189.05
        19990301 1228.79
        19990401 1205.76
        19990501 1196.75
        19990601 1168.45
        19990701 1187.57
        19990801 1198.03
        19990901 1199.09
        19991001 1205.19
        19991101 1176.03
        19991201 1137.09
        20000101 1130.32
        20000201 1129.29
        20000301 1115.75
        20000401 1110.01
        20000501 1121.37
        20000601 1117.67
        20000701 1114.95
        20000801  1114.1
        20000901 1117.08
        20001001 1128.91
        20001101 1155.85
        20001201 1216.19
        20010101 1271.89
        20010201 1252.08
        20010301  1291.5
        20010401 1325.36
        20010501 1296.83
        20010601 1294.72
        20010701 1302.65
        20010801 1284.88
        20010901 1295.28
        20011001 1301.94
        20011101 1282.24
        20011201 1291.88
        20020101 1317.01
        20020201 1319.85
        20020301 1322.72
        20020401  1317.5
        20020501 1261.46
        20020601 1222.08
        20020701 1184.97
        20020801 1197.73
        20020901 1210.26
        20021001 1240.75
        20021101 1211.37
        20021201 1207.41
        20030101 1178.38
        20030201 1191.95
        20030301 1236.66
        20030401 1230.54
        20030501 1199.66
        20030601 1193.45
        20030701 1180.44
        20030801  1178.4
        20030901 1164.13
        20031001 1167.87
        20031101 1185.99
        20031201  1191.9
        20040101 1182.23
        20040201 1166.18
        20040301 1165.12
        20040401 1152.03
        20040501 1176.24
        20040601 1158.59
        20040701 1158.19
        20040801  1158.1
        20040901 1147.81
        20041001 1141.99
        20041101 1086.56
        20041201  1050.8
        20050101 1038.13
        20050201 1020.51
        20050301 1008.01
        20050401 1009.73
        20050501 1002.42
        20050601 1012.18
        20050701  1037.5
        20050801 1021.53
        20050901 1029.53
        20051001 1046.16
        20051101 1040.57
        20051201 1023.12
        20060101  983.76
        20060201  969.96
        20060301  975.17
        20060401  952.92
        20060501  941.21
        20060601  955.28
        20060701  950.56
        20060801  961.02
        20060901  952.77
        20061001  954.17
        20061101  935.52
        20061201  925.08
        20070101   936.9
        20070201  937.17
        20070301  943.23
        20070401  930.95
        20070501  927.39
        20070601  928.16
        20070701  918.45
        20070801  934.92
        20070901  930.89
        20071001  914.81
        20071101  918.11
        20071201  930.76
        20080101  942.72
        20080201  944.42
        20080301  982.51
        20080401  987.24
        20080501 1038.21
        20080601 1031.07
        20080701 1018.18
        20080801 1047.11
        20080901 1136.64
        20081001 1326.85
        20081101 1400.81
        20081201  1368.8
        20090101 1354.68
        20090201 1440.19
        20090301 1453.35
        20090401 1336.28
        20090501 1255.62
        20090601 1262.28
        20090701 1261.96
        20090801 1239.69
        20090901    1215
        20091001  1174.8
        20091101 1163.18
        20091201 1166.13
        20100101 1138.77
        20100201 1156.83
        20100301 1136.11
        20100401 1115.71
        20100501 1168.41
        20100601 1214.02
        20100701 1204.94
        20100801 1180.05
        20100901 1162.94
        20101001 1122.23
        20101101 1128.08
        20101201 1146.23
        20110101 1119.43
        20110201 1119.51
        20110301 1120.45
        20110401 1084.83
        20110501 1084.05
        20110601 1080.87
        20110701 1058.49
        20110801 1074.05
        20110901 1125.09
        20111001 1150.25
        20111101 1134.19
        20111201  1148.3
        20120101 1144.56
        20120201 1122.94
        20120301 1126.94
        20120401 1135.41
        20120501 1157.07
        20120601 1163.61
        20120701 1142.33
        20120801 1132.06
        20120901 1123.67
        20121001 1105.49
        20121101 1087.15
        20121201 1076.42
        20130101 1066.54
        20130201 1086.06
        20130301 1103.81
        20130401  1121.1
        20130501  1112.1
        20130601 1136.59
        20130701 1126.15
        20130801 1116.16
        20130901 1084.79
        20131001 1065.74
        20131101 1062.69
        20131201 1056.06
        20140101  1065.8
        20140201 1070.97
        20140301 1070.69
        20140401 1042.75
        20140501 1023.99
        20140601  1018.7
        20140701  1020.6
        20140801 1024.61
        20140901  1035.8
        20141001 1060.91
        20141101 1097.11
        20141201  1103.6
        20150101 1088.48
        20150201 1098.38
        20150301 1113.05
        20150401  1085.9
        20150501 1093.03
        20150601 1112.44
        20150701 1146.16
        20150801 1180.04
        20150901 1185.06
        20151001  1144.8
        20151101 1153.35
        20151201  1173.2
        20160101 1203.79
        20160201 1220.45
        20160301 1182.15
        20160401 1146.71
        20160501 1174.58
        20160601 1168.36
        20160701  1141.7
        20160801 1111.42
        20160901 1106.77
        20161001 1127.65
        20161101 1163.22
        20161201  1183.3
        20170101 1182.24
        20170201 1143.36
        20170301 1133.95
