               19921231           19.50
               19930129           20.26
               19930226           20.60
               19930331           20.44
               19930430           20.53
               19930528           20.02
               19930630           18.85
               19930730           17.88
               19930831           18.29
               19930930           18.79
               19931029           16.92
               19931130           15.40
               19931230           14.17
               19940131           15.19
               19940228           14.48
               19940331           14.79
               19940429           16.90
               19940531           18.31
               19940630           19.37
               19940729           20.30
               19940831           17.56
               19940930           18.39
               19941031           18.19
               19941130           18.05
               19941230           17.76
               19950131           18.39
               19950228           18.49
               19950331           19.17
               19950428           20.38
               19950531           18.89
               19950630           17.40
               19950731           17.56
               19950831           17.84
               19950929           17.54
               19951031           17.64
               19951130           18.18
               19951229           19.55
               19960131           17.74
               19960229           19.54
               19960329           21.47
               19960430           21.20
               19960531           19.76
               19960628           20.92
               19960731           20.42
               19960830           22.25
               19960930           24.38
               19961031           23.35
               19961127           23.75
               19961231           25.92
               19970131           24.15
               19970228           20.30
               19970331           20.41
               19970430           20.21
               19970530           20.88
               19970630           19.80
               19970731           20.14
               19970829           19.61
               19970930           21.18
               19971031           21.08
               19971126           19.15
               19971231           17.64
               19980130           17.21
               19980227           15.44
               19980331           15.61
               19980430           15.39
               19980529           15.20
               19980630           14.18
               19980731           14.21
               19980831           13.34
               19980930           16.14
               19981030           14.42
               19981130           11.22
               19981231           12.05
               19990129           12.75
               19990226           12.27
               19990331           16.76
               19990430           18.66
               19990528           16.84
               19990630           19.29
               19990730           20.53
               19990831           22.11
               19990930           24.51
               19991029           21.75
               19991130           24.59
               19991230           25.60
               20000131           27.64
               20000229           30.43
               20000331           26.90
               20000428           25.74
               20000531           29.01
               20000630           32.50
               20000731           27.43
               20000831           33.12
               20000929           30.84
               20001031           32.70
               20001130           33.82
               20001229           26.80
               20010131           28.66
               20010228           27.39
               20010330           26.29
               20010430           28.46
               20010531           28.37
               20010629           26.25
               20010731           26.35
               20010831           27.20
               20010928           23.43
               20011031           21.18
               20011130           19.44
               20011231           19.84
               20020131           19.48
               20020228           21.74
               20020328           26.31
               20020430           27.29
               20020531           25.31
               20020628           26.86
               20020731           27.02
               20020830           28.98
               20020930           30.45
               20021031           27.22
               20021127           26.89
               20021231           31.20
               20030131           33.51
               20030228           36.60
               20030331           31.04
               20030430           25.80
               20030530           29.56
               20030630           30.19
               20030731           30.54
               20030829           31.57
               20030930           29.20
               20031031           29.11
               20031126           30.41
               20031231           32.52
               20040130           33.05
               20040227           36.16
               20040331           35.76
               20040430           37.38
               20040531           39.88
               20040630           37.05
               20040730           43.80
               20040831           42.12
               20040930           49.64
               20041029           51.76
               20041130           49.13
               20041231           43.45
               20050131           48.20
               20050228           51.75
               20050331           55.40
               20050429           49.72
               20050531           51.97
               20050630           56.50
               20050729           60.57
               20050831           68.94
               20050930           66.24
               20051031           59.76
               20051130           57.32
               20051230           61.04
               20060131           67.92
               20060228           61.41
               20060331           66.63
               20060428           71.88
               20060531           71.29
               20060630           73.93
               20060731           74.40
               20060831           70.26
               20060929           62.91
               20061031           58.73
               20061130           63.13
               20061229           61.05
               20070131           58.14
               20070228           61.79
               20070330           65.87
               20070430           65.71
               20070531           64.01
               20070629           70.68
               20070731           78.21
               20070831           74.04
               20070928           81.66
               20071031           94.53
               20071130           88.71
               20071231           95.98
               20080131           91.75
               20080229          101.84
               20080331          101.58
               20080430          113.46
               20080530          127.35
               20080630          140.00
               20080731          124.08
               20080829          115.46
               20080930          100.64
               20081031           67.81
               20081128           54.43
               20081231           44.60
               20090130           41.68
               20090227           44.76
               20090331           49.66
               20090430           51.12
               20090529           66.31
               20090630           69.89
               20090731           69.45
               20090831           69.96
               20090930           70.61
               20091030           77.00
               20091130           77.28
               20091231           79.36
               20100129           72.89
               20100226           79.66
               20100331           83.76
               20100430           86.15
               20100528           73.97
               20100630           75.63
               20100730           78.95
               20100831           71.92
               20100930           79.97
               20101029           81.43
               20101130           84.11
               20101231           91.38
               20110131           92.19
               20110228           96.97
               20110331          106.72
               20110429          113.93
               20110531          102.70
               20110630           95.42
               20110729           95.70
               20110831           88.81
               20110930           79.20
               20111031           93.19
               20111130          100.36
               20111230           98.83
               20120131           98.48
               20120229          107.07
               20120330          103.02
               20120430          104.87
               20120531           86.53
               20120629           84.96
               20120731           88.06
               20120831           96.47
               20120928           92.19
               20121031           86.24
               20121130           88.91
               20121231           91.82
               20130131           97.49
               20130228           92.05
               20130308           91.95
